2.875000000000000000e+03 2.275306699684433109e+00 1.030832997104192961e+00
2.879166666666666970e+03 6.896857837072241093e-01 1.037563171186803634e+00
2.883333333333333485e+03 1.249461979613095020e+00 1.044869848678177560e+00
2.887500000000000000e+03 1.491640894117046257e+00 1.046906965020513836e+00
2.891666666666666970e+03 7.116510796987576271e-01 1.026255549716257987e+00
2.895833333333333485e+03 1.733775422503581076e+00 1.008539295455545437e+00
2.900000000000000000e+03 1.263858565185207006e+00 1.013062550490821501e+00
2.904166666666666970e+03 2.590810964041955211e-01 9.586807826562795398e-01
2.908333333333333485e+03 0.000000000000000000e+00 9.008023177811174120e-01
2.912500000000000000e+03 1.276851826882271501e+00 9.023026717733066970e-01
2.916666666666666970e+03 1.256373310988880165e+00 8.269727209889951025e-01
2.920833333333333485e+03 5.183296213722252688e-01 7.656207843672095947e-01
2.925000000000000000e+03 1.393854664626109630e+00 7.382051312158145473e-01
2.929166666666666970e+03 1.547324310650694201e+00 6.957245201428460257e-01
2.933333333333333485e+03 8.387883054451314990e-01 6.480429915675408603e-01
2.937500000000000000e+03 7.563143471285989072e-01 6.146589539766283972e-01
2.941666666666666970e+03 8.462929140531222361e-01 5.964307110126989553e-01
2.945833333333333485e+03 1.038966546673615321e+00 5.671250350476138014e-01
2.950000000000000000e+03 1.034487729367519648e+00 5.806400916831383485e-01
2.954166666666666970e+03 1.599655026966502469e-01 5.965396118356615096e-01
2.958333333333333485e+03 1.696461149050775941e+00 5.786834896933242822e-01
2.962500000000000000e+03 1.670767264361005866e+00 5.789689027506619290e-01
2.966666666666666970e+03 3.012145667495594870e-01 5.480503591469143565e-01
2.970833333333333485e+03 7.438502660134854727e-01 5.319273600543781289e-01
2.975000000000000000e+03 7.370396033842350203e-01 5.265731556116632905e-01
2.979166666666666970e+03 9.324747544279990974e-01 5.292419999507108619e-01
2.983333333333333485e+03 1.370238669572581225e+00 5.316367858205967023e-01
2.987500000000000000e+03 3.878335587692194886e-01 5.270066944329357961e-01
2.991666666666666970e+03 1.366760552767158465e+00 5.485453159678670421e-01
2.995833333333333485e+03 1.703520606190495945e+00 5.677371505738390001e-01
3.000000000000000000e+03 1.079415357415985044e+00 5.735321194848475024e-01
3.004166666666666970e+03 1.278231925463322094e+00 5.937577377324965155e-01
3.008333333333333485e+03 1.637817797826654598e+00 6.095535182385009021e-01
3.012500000000000000e+03 1.605191420937680080e+00 6.381366295014652135e-01
3.016666666666666970e+03 1.140679657261756130e+00 6.538988623605854755e-01
3.020833333333333485e+03 1.298215484535760744e+00 6.715206670923777876e-01
3.025000000000000000e+03 1.769599148199439975e+00 6.908833366386368802e-01
3.029166666666666970e+03 1.320437445831840417e+00 6.941245554452928346e-01
3.033333333333333485e+03 2.009371406127684168e+00 6.973105496640009671e-01
3.037500000000000000e+03 2.855589121840021782e+00 6.848746950228582486e-01
3.041666666666666970e+03 2.789332519243769237e+00 6.689018861648343695e-01
3.045833333333333485e+03 1.878110302340425974e+00 7.565742742966574674e-01
3.050000000000000000e+03 1.755075081569168249e+00 7.052391489168433614e-01
3.054166666666666970e+03 2.413990091315405095e+00 6.582610886908173420e-01
3.058333333333333485e+03 1.653357583981050372e+00 6.016569182796096538e-01
3.062500000000000000e+03 1.372278882620783680e+00 5.588274116790455937e-01
3.066666666666666970e+03 2.052092011905286117e+00 5.300832717110371961e-01
3.070833333333333485e+03 2.425637834313591590e+00 5.089711181856503286e-01
3.075000000000000000e+03 2.263805534097247829e+00 4.855476866252371182e-01
3.079166666666666970e+03 2.116784261921446753e+00 4.652493990132605117e-01
3.083333333333333485e+03 2.209863498495710843e+00 4.733019181125164843e-01
3.087500000000000000e+03 2.388699294505889359e+00 4.526962824433164445e-01
3.091666666666666970e+03 1.933774622521232001e+00 4.301621215841560653e-01
3.095833333333333485e+03 2.023310195349238505e+00 4.212290025600725629e-01
3.100000000000000000e+03 2.191711640943148076e+00 4.044601338473693408e-01
3.104166666666666970e+03 2.361381187589280284e+00 4.040382592848597021e-01
3.108333333333333485e+03 2.544191605578767668e+00 4.132982356131239543e-01
3.112500000000000000e+03 2.496703621120101690e+00 4.177084092725180109e-01
3.116666666666666970e+03 2.893642475759567567e+00 4.312625360137214980e-01
3.120833333333333485e+03 2.322279082616371060e+00 4.133426733423043453e-01
3.125000000000000000e+03 2.321725804501603818e+00 4.013983175338970422e-01
3.129166666666666970e+03 2.690175997407024955e+00 4.141306817617314562e-01
3.133333333333333485e+03 2.081496266340446155e+00 4.017481936850167967e-01
3.137500000000000000e+03 1.913154690393283230e+00 4.047483339399866598e-01
3.141666666666666970e+03 2.031969617186511368e+00 4.118433515854037497e-01
3.145833333333333485e+03 2.226636289702511373e+00 4.304699857590238987e-01
3.150000000000000000e+03 1.976493679945900528e+00 4.389911912911341751e-01
3.154166666666666970e+03 2.104351503986170435e+00 4.498797252344496900e-01
3.158333333333333485e+03 1.872049532842565700e+00 4.619794840655774282e-01
3.162500000000000000e+03 2.296768935807997458e+00 4.804219674636857063e-01
3.166666666666666970e+03 1.664493854393664485e+00 4.804124192872648025e-01
3.170833333333333485e+03 1.710234780626130879e+00 4.953068519391379265e-01
3.175000000000000000e+03 1.089225928047265146e+00 5.023526319612818813e-01
3.179166666666666970e+03 1.763258126820685723e+00 5.226455003379926190e-01
3.183333333333333485e+03 1.857296309978192950e+00 5.281731203092164817e-01
3.187500000000000000e+03 2.281660107886651634e+00 5.292481933624432200e-01
3.191666666666666970e+03 1.960079590501938807e+00 5.483135791455441277e-01
3.195833333333333485e+03 1.432139755367978440e+00 5.341673106309525743e-01
3.200000000000000000e+03 2.094921002388205888e+00 5.284910487781496746e-01
3.204166666666666970e+03 2.461719618831636591e+00 6.081233562459461561e-01
3.208333333333333485e+03 1.728931142293505641e+00 5.573554441572966534e-01
3.212500000000000000e+03 2.514290329852077122e+00 5.223606033982992614e-01
3.216666666666666970e+03 2.709337381071979411e+00 4.876387372614102156e-01
3.220833333333333485e+03 2.738146035745534501e+00 4.649968110381048625e-01
3.225000000000000000e+03 2.259508854707851011e+00 4.341227051635376810e-01
3.229166666666666970e+03 2.151822456562571872e+00 4.186547625852384824e-01
3.233333333333333485e+03 2.120229863315274077e+00 3.999077697769507500e-01
3.237500000000000000e+03 2.240975070098453426e+00 3.875427264766158619e-01
3.241666666666666970e+03 2.037475560216671422e+00 3.758819257020264981e-01
3.245833333333333485e+03 2.118863699910621623e+00 3.763001358292610843e-01
3.250000000000000000e+03 2.117009805332037420e+00 3.706551507057070372e-01
3.254166666666666970e+03 2.627906919731190616e+00 3.806717038888561278e-01
3.258333333333333485e+03 2.134288907947966774e+00 3.760271612071527936e-01
3.262500000000000000e+03 2.462057159771055659e+00 3.682785321769029840e-01
3.266666666666666970e+03 3.053195600458364467e+00 3.581385752649844934e-01
3.270833333333333485e+03 2.578211500107546073e+00 3.453986757195422475e-01
3.275000000000000000e+03 2.195282142806913583e+00 3.294585887201714747e-01
3.279166666666666970e+03 2.699162637830829770e+00 3.253488987533307841e-01
3.283333333333333485e+03 2.656978278285730521e+00 3.414621948341527435e-01
3.287500000000000000e+03 2.149980948807452386e+00 3.376300213246908322e-01
3.291666666666666970e+03 2.369521911193959607e+00 3.395564304323092086e-01
3.295833333333333485e+03 2.533553388692972419e+00 3.363734296959383641e-01
3.300000000000000000e+03 3.099188392101284606e+00 3.425958988517802117e-01
3.304166666666666970e+03 2.067337611002389774e+00 3.303645816331020613e-01
3.308333333333333485e+03 2.246983711714232168e+00 3.343021463655447278e-01
3.312500000000000000e+03 2.473696128769288016e+00 3.623676948547329135e-01
3.316666666666666970e+03 2.152276123971974542e+00 3.727739684711472989e-01
3.320833333333333485e+03 2.177270669253620561e+00 3.795323225771405906e-01
3.325000000000000000e+03 2.338678204648645842e+00 3.917161053607720600e-01
3.329166666666666970e+03 1.929683357954296019e+00 3.948594166502907288e-01
3.333333333333333485e+03 2.424170511850642029e+00 4.112522936590689571e-01
3.337500000000000000e+03 2.279538348250638613e+00 4.156742348007547716e-01
3.341666666666666970e+03 1.875622615294553208e+00 4.255264561259358147e-01
3.345833333333333485e+03 2.059791454924027043e+00 4.288702275085285454e-01
3.350000000000000000e+03 2.146016649181031077e+00 4.305129783588000913e-01
3.354166666666666970e+03 2.478034613687878807e+00 4.338384791767820881e-01
3.358333333333333485e+03 2.114227931228872759e+00 4.274149305866928872e-01
3.362500000000000000e+03 1.892578628265105589e+00 4.237980297466985014e-01
3.366666666666666970e+03 2.151510721505370594e+00 4.266974238374869888e-01
3.370833333333333485e+03 2.865912506962750239e+00 5.244622344461820074e-01
3.375000000000000000e+03 2.533824350456267638e+00 4.894950059811584153e-01
3.379166666666666970e+03 2.549536003786239569e+00 4.550000251607351776e-01
3.383333333333333485e+03 1.980479656513385311e+00 4.315359235299453533e-01
3.387500000000000000e+03 1.948523200326806037e+00 4.176609264492358031e-01
3.391666666666666970e+03 2.489041854689399980e+00 4.017667739202142041e-01
3.395833333333333485e+03 2.221100927966622063e+00 3.823301963272810466e-01
3.400000000000000000e+03 2.401571268556526473e+00 3.676077340745126931e-01
3.404166666666666970e+03 2.240876491628378542e+00 3.548320159645510508e-01
3.408333333333333485e+03 2.241749246565011511e+00 3.431003006256249099e-01
3.412500000000000000e+03 2.670970227624654747e+00 3.363276500608825548e-01
3.416666666666666970e+03 2.738765376918780525e+00 3.263210579482698215e-01
3.420833333333333485e+03 3.045950340966670389e+00 3.260548960790671802e-01
3.425000000000000000e+03 2.641706873306408632e+00 3.187946175639221891e-01
3.429166666666666970e+03 3.167797975038228131e+00 3.231795530705064978e-01
3.433333333333333485e+03 2.286106977510560689e+00 3.100109662096488528e-01
3.437500000000000000e+03 3.064720507457190379e+00 3.183071960605772799e-01
3.441666666666666970e+03 2.673187469024877583e+00 3.107953101938009111e-01
3.445833333333333485e+03 2.851843656094814605e+00 3.101324086913695433e-01
3.450000000000000000e+03 2.856635292305163443e+00 3.060620468890299373e-01
3.454166666666666970e+03 3.058055880315415198e+00 3.025469760602702007e-01
3.458333333333333485e+03 2.638988997791146041e+00 2.950130519700791543e-01
3.462500000000000000e+03 3.403252392753656874e+00 3.096791025643176321e-01
3.466666666666666970e+03 2.881069333825021950e+00 3.066666787094117219e-01
3.470833333333333485e+03 2.919539710801219545e+00 3.124343449970329867e-01
3.475000000000000000e+03 2.336084713485676811e+00 3.104280408780658584e-01
3.479166666666666970e+03 2.416527325655137393e+00 3.063877687343931067e-01
3.483333333333333485e+03 2.454925446161123848e+00 3.087835868395678030e-01
3.487500000000000000e+03 2.483484299894802572e+00 3.080854345020258567e-01
3.491666666666666970e+03 2.766194449128929200e+00 3.142259957877058807e-01
3.495833333333333485e+03 2.718242474907973438e+00 3.186317308353583955e-01
3.500000000000000000e+03 2.661329666145431094e+00 3.189256598338282012e-01
3.504166666666666970e+03 2.733960837767321461e+00 3.282082421149158935e-01
3.508333333333333485e+03 2.212182415071874519e+00 3.325374885276725090e-01
3.512500000000000000e+03 2.434971821912058854e+00 3.384909055555032631e-01
3.516666666666666970e+03 2.872794935750450307e+00 3.438404649394187773e-01
3.520833333333333485e+03 2.509001672350197332e+00 3.431118616608588856e-01
3.525000000000000000e+03 2.265608849146683479e+00 3.497095999559236001e-01
3.529166666666666970e+03 3.110813425923118825e+00 3.604789107233892231e-01
3.533333333333333485e+03 3.034736652907400689e+00 3.624806730070859184e-01
3.537500000000000000e+03 2.957219911663885092e+00 3.683912522704338444e-01
3.541666666666666970e+03 1.802433004381451820e+00 3.596787735393193186e-01
3.545833333333333485e+03 2.485017685416231803e+00 3.663293622811677475e-01
3.550000000000000000e+03 2.423309111502184976e+00 3.606886093222975709e-01
3.554166666666666970e+03 2.482997600956160067e+00 3.618295905987107264e-01
3.558333333333333485e+03 3.144937576216060737e+00 3.562426687101484801e-01
3.562500000000000000e+03 2.290856808191715999e+00 3.433985650123075328e-01
3.566666666666666970e+03 2.645295955405370769e+00 3.978681760699215864e-01
3.570833333333333485e+03 2.570612183911813453e+00 3.751833604703689873e-01
3.575000000000000000e+03 2.551673246951583707e+00 3.559160178530254570e-01
3.579166666666666970e+03 2.310065158562307985e+00 3.410538425539255680e-01
3.583333333333333485e+03 1.970154206920079920e+00 3.186597560234477600e-01
3.587500000000000000e+03 2.712413442232436189e+00 3.158100124500479167e-01
3.591666666666666970e+03 2.915282772470439987e+00 3.137590641548425596e-01
3.595833333333333485e+03 2.503703724730719227e+00 3.098069965165930473e-01
3.600000000000000000e+03 2.871277033758352193e+00 3.082656627834405305e-01
3.604166666666666970e+03 2.672734833850763270e+00 2.900074333843730701e-01
3.608333333333333485e+03 2.344047376503048064e+00 2.863550752622103790e-01
3.612500000000000000e+03 2.664175022718854091e+00 2.865602836376126561e-01
3.616666666666666970e+03 2.872451201399298437e+00 2.774139048028747001e-01
3.620833333333333485e+03 2.487983813518437337e+00 2.772271218273764659e-01
3.625000000000000000e+03 2.174119771034729531e+00 2.701257559349335979e-01
3.629166666666666970e+03 3.034628268202082424e+00 2.757092198352785184e-01
3.633333333333333485e+03 3.220075015119021611e+00 2.780886770111266060e-01
3.637500000000000000e+03 3.028595369057018871e+00 2.698291947364774290e-01
3.641666666666666970e+03 3.360092570860694572e+00 2.695476525614725616e-01
3.645833333333333485e+03 2.933062509201409984e+00 2.629966745249879279e-01
3.650000000000000000e+03 2.696737917137570939e+00 2.608377028068155079e-01
3.654166666666666970e+03 3.138902096482774962e+00 2.570785599440322255e-01
3.658333333333333485e+03 2.823051001068234367e+00 2.554101580468353672e-01
3.662500000000000000e+03 2.652404959838951193e+00 2.541990363825520904e-01
3.666666666666666970e+03 2.724628398521787620e+00 2.561171876078605636e-01
3.670833333333333485e+03 2.663689356015499499e+00 2.624477317984338920e-01
3.675000000000000000e+03 2.922086235258551490e+00 2.695600393849374998e-01
3.679166666666666970e+03 3.200005780517617193e+00 2.724421951464038871e-01
3.683333333333333485e+03 3.100362559742230850e+00 2.759834331397333362e-01
3.687500000000000000e+03 3.185184430124186949e+00 2.780229752349980821e-01
3.691666666666666970e+03 2.487809881872284024e+00 2.740374631733932254e-01
3.695833333333333485e+03 2.807119997739405015e+00 2.775299796610939396e-01
3.700000000000000000e+03 2.772477149213869119e+00 2.853864256672530852e-01
3.704166666666666970e+03 2.919333779861115641e+00 2.905975106871835911e-01
3.708333333333333485e+03 2.665963370356603246e+00 2.916515261405199788e-01
3.712500000000000000e+03 2.707788512021219063e+00 2.944509482435936354e-01
3.716666666666666970e+03 2.502795357676624644e+00 2.974364823692277060e-01
3.720833333333333485e+03 2.642743237536307355e+00 3.051324157879871102e-01
3.725000000000000000e+03 3.104494081485428048e+00 3.125431942082310122e-01
3.729166666666666970e+03 4.000000000000000000e+00 3.307148190665729071e-01
3.733333333333333485e+03 2.587220849707703163e+00 3.181613412142777486e-01
3.737500000000000000e+03 2.081493169634579754e+00 3.242735160295173169e-01
3.741666666666666970e+03 2.867097513074227777e+00 3.321346070944757312e-01
3.745833333333333485e+03 2.460929442718103211e+00 3.333653928410096334e-01
3.750000000000000000e+03 2.324929862837865180e+00 3.334220109465971804e-01
3.754166666666666970e+03 2.487556468108897523e+00 3.391780129754556894e-01
3.758333333333333485e+03 2.151883874562251719e+00 5.127491509542176917e-01
3.762500000000000000e+03 3.112363843326811708e+00 4.944467418847920404e-01
3.766666666666666970e+03 2.009644432361556987e+00 4.551028874072585162e-01
3.770833333333333485e+03 2.440173771649683854e+00 4.361606989058693373e-01
3.775000000000000000e+03 2.407673327465936097e+00 4.147191074880799966e-01
3.779166666666666970e+03 2.870223637646188486e+00 4.053693783014594154e-01
3.783333333333333485e+03 2.541484052416392636e+00 3.838047444372518213e-01
3.787500000000000000e+03 2.527538553665461318e+00 3.667062829968525950e-01
3.791666666666666970e+03 2.114711533461648862e+00 3.440265253502148846e-01
3.795833333333333485e+03 2.916248428583060104e+00 3.391741420931229101e-01
3.800000000000000000e+03 2.450827472064810220e+00 3.239966705250761914e-01
3.804166666666666970e+03 2.615751316970942320e+00 3.124379578205436214e-01
3.808333333333333485e+03 3.184406124716474107e+00 3.086812407106888645e-01
3.812500000000000000e+03 2.806944001622674101e+00 2.961647168817307385e-01
3.816666666666666970e+03 2.958419885187050014e+00 2.918010454220945626e-01
3.820833333333333485e+03 2.883960108751148610e+00 2.832844849487837768e-01
3.825000000000000000e+03 2.424511665613571676e+00 2.708910551780083220e-01
3.829166666666666970e+03 2.618808797896202023e+00 2.650160880321221768e-01
3.833333333333333485e+03 3.015635655006837723e+00 2.643399223062304348e-01
3.837500000000000000e+03 2.965263089033777888e+00 2.587844835939749344e-01
3.841666666666666970e+03 2.797991941081042100e+00 2.543090210525677519e-01
3.845833333333333485e+03 2.796778548499123662e+00 2.485609156236682216e-01
3.850000000000000000e+03 2.861788726984217490e+00 2.469831439848230725e-01
3.854166666666666970e+03 3.171365380196127237e+00 2.479032785212094137e-01
3.858333333333333485e+03 2.785295447029492166e+00 2.415159097779907282e-01
3.862500000000000000e+03 3.078295433739461906e+00 2.408669434519573882e-01
3.866666666666666970e+03 3.046610971551467095e+00 2.383560827238521695e-01
3.870833333333333485e+03 3.100448235271195951e+00 2.355346223973639186e-01
3.875000000000000000e+03 3.594782618344808611e+00 2.415440381896089839e-01
3.879166666666666970e+03 3.156754089683956543e+00 2.363014183816073421e-01
3.883333333333333485e+03 3.369717648810587551e+00 2.449115509838428184e-01
3.887500000000000000e+03 2.928038103933449321e+00 2.343801188386682166e-01
3.891666666666666970e+03 3.097992031401629820e+00 2.381104107251311164e-01
3.895833333333333485e+03 3.032264449390858818e+00 2.399490282214418457e-01
3.900000000000000000e+03 2.832256991490897491e+00 2.371142004479643295e-01
3.904166666666666970e+03 3.131810640049103700e+00 2.420189180341956736e-01
3.908333333333333485e+03 3.171966141134176187e+00 2.427397279363255334e-01
3.912500000000000000e+03 2.871849408225961131e+00 2.419855252226047748e-01
3.916666666666666970e+03 3.160632713781412750e+00 2.441037752586362741e-01
3.920833333333333485e+03 3.135661393793762741e+00 2.458435046142853075e-01
3.925000000000000000e+03 3.140974308824928229e+00 2.499763166515938939e-01
3.929166666666666970e+03 3.038176060889495211e+00 2.507165841889166247e-01
3.933333333333333485e+03 3.020903667802942394e+00 2.542079136060352851e-01
3.937500000000000000e+03 2.812852000297800359e+00 2.546540973095948734e-01
3.941666666666666970e+03 3.202519273445708414e+00 2.580867957623129150e-01
3.945833333333333485e+03 3.266678890052877815e+00 2.625367620920880385e-01
3.950000000000000000e+03 2.903276843827058862e+00 2.633166158527341372e-01
3.954166666666666970e+03 2.981854722947403946e+00 2.696823592666536262e-01
3.958333333333333485e+03 2.764831898547787326e+00 2.684432640260453473e-01
3.962500000000000000e+03 3.062797453114260993e+00 2.746433336761214816e-01
3.966666666666666970e+03 2.961038149996948921e+00 2.785337252558685583e-01
3.970833333333333485e+03 2.623136444344260187e+00 2.769658114640309310e-01
3.975000000000000000e+03 2.694171780209753120e+00 2.804393864341832021e-01
3.979166666666666970e+03 2.606571132430497872e+00 2.853229948087597223e-01
3.983333333333333485e+03 2.918068259397115671e+00 2.901860100893258188e-01
3.987500000000000000e+03 2.771173436044185756e+00 2.914137507417578488e-01
3.991666666666666970e+03 3.328435979025495595e+00 5.088567981274220164e-01
3.995833333333333485e+03 3.048175840249202295e+00 4.753666467488266156e-01
4.000000000000000000e+03 2.586169001948472879e+00 4.460862605483156829e-01
4.004166666666666970e+03 3.081850968191540918e+00 4.316867331056308821e-01
4.008333333333333485e+03 3.857058637802959655e+00 4.215160155821078281e-01
4.012500000000000000e+03 3.459502506460825799e+00 3.987449567241806991e-01
4.016666666666666970e+03 2.570114646502638323e+00 3.777807741274354369e-01
4.020833333333333485e+03 2.456316899330350356e+00 3.590663483425075575e-01
4.025000000000000000e+03 2.487632337402620131e+00 3.470639292991083980e-01
4.029166666666666970e+03 3.214555136912462974e+00 3.459200577638867902e-01
4.033333333333333485e+03 3.355927501470612917e+00 3.348400441745091882e-01
4.037500000000000000e+03 2.975989562036760461e+00 3.191837702677786104e-01
4.041666666666666970e+03 3.316821267556548047e+00 3.110408273572286553e-01
4.045833333333333485e+03 3.479798832825753419e+00 3.024518039666480029e-01
4.050000000000000000e+03 2.958942196243154132e+00 2.853393557380863310e-01
4.054166666666666970e+03 3.023151876261827464e+00 2.807288252091470482e-01
4.058333333333333485e+03 2.718144412555542289e+00 2.704981864271124303e-01
4.062500000000000000e+03 3.378089077002301543e+00 2.729245586968339632e-01
4.066666666666666970e+03 3.059209919368230945e+00 2.653945571007401139e-01
4.070833333333333485e+03 3.199816881459776940e+00 2.611090258524618735e-01
4.075000000000000000e+03 2.921053483852163346e+00 2.519200157002987606e-01
4.079166666666666970e+03 3.321181945533846935e+00 2.511734515277146973e-01
4.083333333333333485e+03 2.690405153641126645e+00 2.386981138867774743e-01
4.087500000000000000e+03 3.438417552335296890e+00 2.459133353315688386e-01
4.091666666666666970e+03 2.987353956448187464e+00 2.316225538765531999e-01
4.095833333333333485e+03 2.528916587775934310e+00 2.243894231495021374e-01
4.100000000000000000e+03 2.893043263174451596e+00 2.195013761631840199e-01
4.104166666666666970e+03 2.901599977600494373e+00 2.199865783606581027e-01
4.108333333333333940e+03 2.927894623228314064e+00 2.184360061216714111e-01
4.112500000000000000e+03 3.044926879677881004e+00 2.163117691209652249e-01
4.116666666666666970e+03 2.761603582682240710e+00 2.113549752644167667e-01
4.120833333333333940e+03 3.021954999444528944e+00 2.123720366944161775e-01
4.125000000000000000e+03 2.864185061207036753e+00 2.115922345455345521e-01
4.129166666666666970e+03 2.768504591705137852e+00 2.078673618943375767e-01
4.133333333333333940e+03 2.643157680004738275e+00 2.051877823082871588e-01
4.137500000000000000e+03 3.138544426955224953e+00 2.121406611544442156e-01
4.141666666666666970e+03 3.009094896099712368e+00 2.105673797391051372e-01
4.145833333333333940e+03 2.837224623817978131e+00 2.082182702807460761e-01
4.150000000000000000e+03 2.782488283161752118e+00 2.071694160038533572e-01
4.154166666666666970e+03 2.820670150374747109e+00 2.051435510261644668e-01
4.158333333333333940e+03 2.921640309613814157e+00 2.112311586415319131e-01
4.162500000000000000e+03 2.999172018269016693e+00 2.124729893056553354e-01
4.166666666666666970e+03 2.570938886380700339e+00 2.078051697181907409e-01
4.170833333333333940e+03 3.026465867656339626e+00 2.130800468789656454e-01
4.175000000000000000e+03 2.708097150372553052e+00 2.149056065988737829e-01
4.179166666666666970e+03 3.058067751021235736e+00 2.178995018303467313e-01
4.183333333333333940e+03 2.686854780365491635e+00 2.153490548789181724e-01
4.187500000000000000e+03 2.720002952192925871e+00 2.184651667685784393e-01
4.191666666666666970e+03 2.669181363869261858e+00 2.218070801276514070e-01
4.195833333333333940e+03 2.922327778316117453e+00 2.276540220854481877e-01
4.200000000000000000e+03 2.787350111371736272e+00 2.272743659462481969e-01
4.204166666666666970e+03 2.757090133882207805e+00 2.343296941448130832e-01
4.208333333333333940e+03 2.783313555275103379e+00 2.339314061586512117e-01
4.212500000000000000e+03 2.890000233543234653e+00 2.358387705251923094e-01
4.216666666666666970e+03 2.972287966291324413e+00 2.405859690063613110e-01
4.220833333333333940e+03 2.795814440739436524e+00 2.387706284158117587e-01
4.225000000000000000e+03 2.419739641873708713e+00 2.386001547578756599e-01
4.229166666666666970e+03 2.849574802930155304e+00 2.453981466989567373e-01
4.233333333333333940e+03 2.792778636755241184e+00 2.461668523184843416e-01
4.237500000000000000e+03 2.682201979801478231e+00 2.479773930149412609e-01
4.241666666666666970e+03 2.647562227981808736e+00 2.503086964145694315e-01
4.245833333333333940e+03 2.857274762066540408e+00 2.526468125671033627e-01
4.250000000000000000e+03 2.700475125000468157e+00 2.535450121036039728e-01
4.254166666666666970e+03 3.006345537408142476e+00 2.596823218481243978e-01
4.258333333333333940e+03 2.596274069307632271e+00 2.565286365939539182e-01
4.262500000000000000e+03 2.278496306726651710e+00 4.285200416868221729e-01
4.266666666666666970e+03 1.826078934258353881e+00 4.054289898893844168e-01
4.270833333333333940e+03 2.637425677446343375e+00 3.941661158186058889e-01
4.275000000000000000e+03 2.386791723692290201e+00 3.805013850662133934e-01
4.279166666666666970e+03 2.723383522763562770e+00 3.718192024408236152e-01
4.283333333333333940e+03 1.987991232709575451e+00 3.479342584828128970e-01
4.287500000000000000e+03 2.298557799563390347e+00 3.395310374442060963e-01
4.291666666666666970e+03 2.268752005600909172e+00 3.253135963064556768e-01
4.295833333333333940e+03 2.357864878078174353e+00 3.151387498417776989e-01
4.300000000000000000e+03 2.467717421976883152e+00 3.058778961135180663e-01
4.304166666666666970e+03 2.696215089963822198e+00 2.959977528237764388e-01
4.308333333333333940e+03 3.161535919659063332e+00 2.909505867676984159e-01
4.312500000000000000e+03 2.632453400060463355e+00 2.784549140915729692e-01
4.316666666666666970e+03 2.122274205304631511e+00 2.644456748115622258e-01
4.320833333333333940e+03 2.430735012169409348e+00 2.555525032931532103e-01
4.325000000000000000e+03 2.470235559963774197e+00 2.557899174095643047e-01
4.329166666666666970e+03 2.900789672898830052e+00 2.529015166246009194e-01
4.333333333333333940e+03 3.016372154885356593e+00 2.525179896030681492e-01
4.337500000000000000e+03 2.416717256948266002e+00 2.382115181716635832e-01
4.341666666666666970e+03 2.690162578348271438e+00 2.334008888320012742e-01
4.345833333333333940e+03 2.568151851101091676e+00 2.277099692380981089e-01
4.350000000000000000e+03 2.508023113296467876e+00 2.258738291064803505e-01
4.354166666666666970e+03 2.805290876807750688e+00 2.243438499615040826e-01
4.358333333333333940e+03 2.274263625925156962e+00 2.138127274869161265e-01
4.362500000000000000e+03 2.736428396225063953e+00 2.146814050941585894e-01
4.366666666666666970e+03 2.610057507118230369e+00 2.157904903001495178e-01
4.370833333333333940e+03 2.642294731303348243e+00 2.085629852554221342e-01
4.375000000000000000e+03 2.846993182473006367e+00 2.094603073919272529e-01
4.379166666666666970e+03 2.526795860375209646e+00 2.073801984498148676e-01
4.383333333333333940e+03 2.948798936178311791e+00 2.062236304205417037e-01
4.387500000000000000e+03 2.903960699705851578e+00 1.994400897735030820e-01
4.391666666666666970e+03 2.750493118151845273e+00 1.980833197099780285e-01
4.395833333333333940e+03 2.670645589626345018e+00 2.007947437546862002e-01
4.400000000000000000e+03 2.710242135302563415e+00 1.990076864110482402e-01
4.404166666666666970e+03 2.767952345825659854e+00 1.991996305629901709e-01
4.408333333333333940e+03 2.882009700173067568e+00 2.003070125807546731e-01
4.412500000000000000e+03 2.832071189138923639e+00 1.996464852194874406e-01
4.416666666666666970e+03 2.682757838504466807e+00 1.993232923505817156e-01
4.420833333333333940e+03 3.213102781861200796e+00 2.060116092922336939e-01
4.425000000000000000e+03 2.832898525722852057e+00 2.012086701054725257e-01
4.429166666666666970e+03 2.646660054339446511e+00 1.993265438917412313e-01
4.433333333333333940e+03 2.632644363588880765e+00 1.991545218808720430e-01
4.437500000000000000e+03 2.793199788753048196e+00 2.012895457403456045e-01
4.441666666666666970e+03 2.733354399535184776e+00 2.012730299757257146e-01
4.445833333333333940e+03 2.910533974024573922e+00 2.040333819731203480e-01
4.450000000000000000e+03 2.709608342835274630e+00 2.007875697194294318e-01
4.454166666666666970e+03 2.916108044583791248e+00 2.043012986423138333e-01
4.458333333333333940e+03 2.844556591073926111e+00 2.041144640550512090e-01
4.462500000000000000e+03 3.062137854764753531e+00 2.081310980106116371e-01
4.466666666666666970e+03 3.080232423258789876e+00 2.092271254402000014e-01
4.470833333333333940e+03 3.099659091392951815e+00 2.081957675514514716e-01
4.475000000000000000e+03 3.253465762239310610e+00 2.117282315448265895e-01
4.479166666666666970e+03 2.849397774578135145e+00 2.105037424335540475e-01
4.483333333333333940e+03 2.729807639083060788e+00 2.114009613465303028e-01
4.487500000000000000e+03 2.732010429189239975e+00 2.124008876707365601e-01
4.491666666666666970e+03 2.856113497366703502e+00 2.167438628128334488e-01
4.495833333333333940e+03 3.177813237927266776e+00 2.216841925165264071e-01
4.500000000000000000e+03 2.955205504497900648e+00 2.229833638509395588e-01
4.504166666666666970e+03 2.797377244966595455e+00 2.227287630169708654e-01
4.508333333333333940e+03 2.976926831678939678e+00 2.298043230271951398e-01
4.512500000000000000e+03 2.509571982347228225e+00 2.293544232765961366e-01
4.516666666666666970e+03 2.716475804211288203e+00 2.385426076405282036e-01
4.520833333333333940e+03 3.147506809849744069e+00 2.460703899307512266e-01
4.525000000000000000e+03 2.941428260099035352e+00 2.450676249595009071e-01
4.529166666666666970e+03 2.649984368086846676e+00 2.423850518911131180e-01
4.533333333333333940e+03 2.840085980038375979e+00 2.510831309399496059e-01
4.537500000000000000e+03 2.767815574649901134e+00 2.543075759231635535e-01
4.541666666666666970e+03 2.650252749261920115e+00 2.608939596300520747e-01
4.545833333333333940e+03 2.678464771938580569e+00 2.679327204522326533e-01
4.550000000000000000e+03 2.524027921448443124e+00 2.766647084303043846e-01
4.554166666666666970e+03 2.144093594838101247e+00 2.791110544528630499e-01
4.558333333333333940e+03 3.077003075157954903e+00 2.986294366924291399e-01
4.562500000000000000e+03 2.072511174269574319e+00 2.965440117385796936e-01
4.566666666666666970e+03 2.396929822580688985e+00 3.058188006432374095e-01
4.570833333333333940e+03 2.213532062711906612e+00 3.102682508553682439e-01
4.575000000000000000e+03 2.440285769178512254e+00 5.367788659114748340e-01
4.579166666666666970e+03 2.301541475665505043e+00 5.093526323483701379e-01
4.583333333333333940e+03 1.979606901576752342e+00 4.817347126921457945e-01
4.587500000000000000e+03 1.775484953815857914e+00 4.538973398135345283e-01
4.591666666666666970e+03 2.840695514976379954e+00 4.494679665777697175e-01
4.595833333333333940e+03 2.626432887738864075e+00 4.294085898233729326e-01
4.600000000000000000e+03 2.219212969623509224e+00 4.064053296372428514e-01
4.604166666666666970e+03 2.476517227813424871e+00 4.007385127373319089e-01
4.608333333333333940e+03 2.771214209338090928e+00 3.939097601846462959e-01
4.612500000000000000e+03 2.627139452794009511e+00 3.876967875934608787e-01
4.616666666666666970e+03 3.077184748568773554e+00 3.950701474844878214e-01
4.620833333333333940e+03 2.774281496498593569e+00 3.913614293155596724e-01
4.625000000000000000e+03 2.287336885857099045e+00 3.784248373358471973e-01
4.629166666666666970e+03 2.183297891104596378e+00 3.659353580714541643e-01
4.633333333333333940e+03 3.003325733070921988e+00 3.764244169580258648e-01
4.637500000000000000e+03 2.308681963275391436e+00 3.730513817049972425e-01
4.641666666666666970e+03 2.404199339601668317e+00 3.695591232761187284e-01
4.645833333333333940e+03 2.983349915763149784e+00 4.345929915610894367e-01
4.650000000000000000e+03 2.228164514047496603e+00 3.936671332800270595e-01
4.654166666666666970e+03 2.084113498915056262e+00 3.542135521913000740e-01
4.658333333333333940e+03 1.756325118503837102e+00 3.425850603812484185e-01
4.662500000000000000e+03 2.265307436442370204e+00 3.340480100374559891e-01
4.666666666666666970e+03 2.190126643657281935e+00 3.469608606055272770e-01
4.670833333333333940e+03 2.951265462400765038e+00 4.072837618679640004e-01
4.675000000000000000e+03 2.848956493992197192e+00 3.725105936372242743e-01
4.679166666666666970e+03 2.373449566467630056e+00 3.435434908468471549e-01
4.683333333333333940e+03 2.059967451040757513e+00 3.231849206940079489e-01
4.687500000000000000e+03 2.337706871241937545e+00 3.101473244912918981e-01
4.691666666666666970e+03 1.936818684387738188e+00 2.910540167436305725e-01
4.695833333333333940e+03 1.937714148500723654e+00 2.808537772908494823e-01
4.700000000000000000e+03 2.090230009118508647e+00 2.729390616026408090e-01
4.704166666666666970e+03 2.553233986708164593e+00 2.702154571815253981e-01
4.708333333333333940e+03 2.266963657963160017e+00 2.599956052582582111e-01
4.712500000000000000e+03 2.706887886731789816e+00 2.578370980459657180e-01
4.716666666666666970e+03 2.494561732895958173e+00 2.526350450848117157e-01
4.720833333333333940e+03 2.544417665107002957e+00 2.505434267192298559e-01
4.725000000000000000e+03 2.428079586889115404e+00 2.487213249875390164e-01
4.729166666666666970e+03 2.295150906992891038e+00 2.471855137131813429e-01
4.733333333333333940e+03 2.545796215335120127e+00 2.510334288107965439e-01
4.737500000000000000e+03 1.972351319732171149e+00 2.499459689341048396e-01
4.741666666666666970e+03 2.255282883435733687e+00 2.571167010379513118e-01
4.745833333333333940e+03 2.238828020697866350e+00 2.635208436046120872e-01
4.750000000000000000e+03 2.210326456022712271e+00 2.702089540992063665e-01
4.754166666666666970e+03 1.939902487312860524e+00 2.778187474831200765e-01
4.758333333333333940e+03 1.973091432434200598e+00 2.877988627605765348e-01
4.762500000000000000e+03 2.061334130563054590e+00 2.994230707941799019e-01
4.766666666666666970e+03 2.004727895681269967e+00 3.122971609271589233e-01
4.770833333333333940e+03 2.410209529570380038e+00 3.249350756260732664e-01
4.775000000000000000e+03 1.713472902726920655e+00 3.329595695372399300e-01
4.779166666666666970e+03 1.807957011529165436e+00 3.435977864230350676e-01
4.783333333333333940e+03 2.230543816388051326e+00 3.518270758154884992e-01
4.787500000000000000e+03 2.004953439091860190e+00 3.596471355277193749e-01
4.791666666666666970e+03 1.348212832981362741e+00 3.604964587232978857e-01
4.795833333333333940e+03 2.105001296100434516e+00 3.651810521342045424e-01
4.800000000000000000e+03 2.370153639190671235e+00 3.658661983071083701e-01
4.804166666666666970e+03 1.705014766770952761e+00 3.599323421379993504e-01
4.808333333333333940e+03 1.900444777282978670e+00 3.548952919877509937e-01
4.812500000000000000e+03 1.659115908539308570e+00 3.447095554407768048e-01
4.816666666666666970e+03 2.480713780379814271e+00 3.405605889211993365e-01
4.820833333333333940e+03 2.096280456263481362e+00 3.152871336645346467e-01
4.825000000000000000e+03 2.097057729435905848e+00 2.923630975368156637e-01
4.829166666666666970e+03 2.061090006917266848e+00 2.905055901347209368e-01
4.833333333333333940e+03 1.538642179637068841e+00 2.801710568708742355e-01
4.837500000000000000e+03 2.590573033807899161e+00 2.785996850908192823e-01
4.841666666666666970e+03 2.164195860968745500e+00 2.695441945732552358e-01
4.845833333333333940e+03 2.433211344627105976e+00 2.630381703835954488e-01
4.850000000000000000e+03 1.986191014366005980e+00 2.552003046126337105e-01
4.854166666666666970e+03 2.007636734724949967e+00 2.515226051141323249e-01
4.858333333333333940e+03 2.243305341262793018e+00 2.478912013683311211e-01
4.862500000000000000e+03 2.825282177644854897e+00 2.486269270703833911e-01
4.866666666666666970e+03 2.228507732281003850e+00 2.420540140340129709e-01
4.870833333333333940e+03 2.157329947945664905e+00 2.406997729469453340e-01
4.875000000000000000e+03 2.155947784894036712e+00 2.403200651959808420e-01
4.879166666666666970e+03 2.120851785076742324e+00 2.412325095794660701e-01
4.883333333333333940e+03 1.826315832257120686e+00 2.389661853912642686e-01
4.887500000000000000e+03 1.985624317192485444e+00 2.504752475784083332e-01
4.891666666666666970e+03 1.408139768787037172e+00 2.494632957130881457e-01
4.895833333333333940e+03 2.623200442932162701e+00 2.566195765228922454e-01
4.900000000000000000e+03 2.098671629309856623e+00 2.548111002970128158e-01
4.904166666666666970e+03 2.025240991456833672e+00 2.596457807189028744e-01
4.908333333333333940e+03 2.597194307067547392e+00 3.034728395025090841e-01
4.912500000000000000e+03 2.254671284027152556e+00 2.933902748726447407e-01
4.916666666666666970e+03 2.623558112459712266e+00 2.758760290579395091e-01
4.920833333333333940e+03 2.342791662274290587e+00 2.804844951163013023e-01
4.925000000000000000e+03 1.886664436178246973e+00 2.778324246006959597e-01
4.929166666666666970e+03 1.960638545910793562e+00 2.879341888069308353e-01
4.933333333333333940e+03 1.877644764225202323e+00 2.834297720656744346e-01
4.937500000000000000e+03 2.037636072804071663e+00 2.912580380484507958e-01
4.941666666666666970e+03 2.081959739985092206e+00 2.904395786880057395e-01
4.945833333333333940e+03 1.821386908753368283e+00 2.950669862639160312e-01
4.950000000000000000e+03 1.818471360180311303e+00 2.885961612976023494e-01
4.954166666666666970e+03 2.025814914277375589e+00 2.937293641649971754e-01
4.958333333333333940e+03 2.704076593922895899e+00 2.941998053978421845e-01
4.962500000000000000e+03 2.364675566513307015e+00 2.973493617108577403e-01
4.966666666666666970e+03 1.695619877290449606e+00 2.872313397988251471e-01
4.970833333333333940e+03 2.047437662988339291e+00 2.866887453192968338e-01
4.975000000000000000e+03 2.712309186468273126e+00 2.910977319081088921e-01
4.979166666666666970e+03 2.552334393654024147e+00 2.882987226991508001e-01
4.983333333333333940e+03 2.332957040560782680e+00 2.801524250239123548e-01
4.987500000000000000e+03 2.273589576281607183e+00 2.764801963724413669e-01
4.991666666666666970e+03 2.429350784647203554e+00 2.736979609869253371e-01
4.995833333333333940e+03 2.180726593000335445e+00 2.701529037230275265e-01
5.000000000000000000e+03 1.708916616162404978e+00 2.737466824925540720e-01
5.004166666666666970e+03 2.422855960210426929e+00 2.738541897978767348e-01
5.008333333333333940e+03 3.001527579197929896e+00 2.684051229321263166e-01
5.012500000000000000e+03 2.376521498686932077e+00 2.598780852706346622e-01
5.016666666666666970e+03 2.128395360566882832e+00 2.519877819470048297e-01
5.020833333333333940e+03 2.665495767770801105e+00 2.543802968992555091e-01
5.025000000000000000e+03 2.406643672765414355e+00 2.481534407434365097e-01
5.029166666666666970e+03 2.108505218788076174e+00 2.440849369646166944e-01
5.033333333333333940e+03 2.638094565913448708e+00 2.430235410289657005e-01
5.037500000000000000e+03 1.999446463826411335e+00 2.356398587850513371e-01
5.041666666666666970e+03 2.339224257116391925e+00 2.344702329793755813e-01
5.045833333333333940e+03 2.645192731876496950e+00 2.334278301730374761e-01
5.050000000000000000e+03 2.352781119281110112e+00 2.310258702678947562e-01
5.054166666666666970e+03 2.819207472970596928e+00 2.333843214556169110e-01
5.058333333333333940e+03 2.562898289599029766e+00 2.297462081804388656e-01
5.062500000000000000e+03 2.466059135985516182e+00 2.278072574140622419e-01
5.066666666666666970e+03 2.598798916823899852e+00 2.278031800846716803e-01
5.070833333333333940e+03 2.717757840439908090e+00 2.298706441444969828e-01
5.075000000000000000e+03 2.470616454785320659e+00 2.282063711884551038e-01
5.079166666666666970e+03 2.130081516911046524e+00 2.277840321200655105e-01
5.083333333333333940e+03 2.703738536865831765e+00 2.341185504165005371e-01
5.087500000000000000e+03 2.671089966918149816e+00 2.359940187126193800e-01
5.091666666666666970e+03 2.293577264295200813e+00 2.342812823097710218e-01
5.095833333333333940e+03 2.373707625289816825e+00 2.381547968425471173e-01
5.100000000000000000e+03 2.298530445328238692e+00 2.384795896761504053e-01
5.104166666666666970e+03 2.367227252147081629e+00 2.429079822883908057e-01
5.108333333333333940e+03 2.256651111310963742e+00 2.440433378824803101e-01
5.112500000000000000e+03 1.964377302126624425e+00 2.455820910274108815e-01
5.116666666666666970e+03 2.284090505873999533e+00 2.504833506254249276e-01
5.120833333333333940e+03 2.461195759422598606e+00 2.537135245144914175e-01
5.125000000000000000e+03 2.273956019809111329e+00 2.516092612666224193e-01
5.129166666666666970e+03 2.575530785062678074e+00 2.526379353436202235e-01
5.133333333333333940e+03 2.576024709648342625e+00 2.535244190095934380e-01
5.137500000000000000e+03 2.314841827360970772e+00 2.506262119893871154e-01
5.141666666666666970e+03 2.493286922314359444e+00 2.563971298181679237e-01
5.145833333333333940e+03 2.233220402491764567e+00 2.505210788252285048e-01
5.150000000000000000e+03 2.300135571202235329e+00 2.478760791213510395e-01
5.154166666666666970e+03 2.349319518240307492e+00 2.459644825901260712e-01
5.158333333333333940e+03 2.410536748156911990e+00 2.426917289953989809e-01
5.162500000000000000e+03 2.386666823222352463e+00 2.412585219087424182e-01
5.166666666666666970e+03 2.018177405375959133e+00 2.356984897494519837e-01
5.170833333333333940e+03 2.578953161162508501e+00 2.389041480504107973e-01
5.175000000000000000e+03 2.564357354179669368e+00 2.315294462535085196e-01
5.179166666666666970e+03 2.240971457274943290e+00 2.282494670117601321e-01
5.183333333333333940e+03 2.362139880526507252e+00 2.382726781125216742e-01
5.187500000000000000e+03 2.018298693022386292e+00 2.245490583369063875e-01
5.191666666666666970e+03 2.521276498286296075e+00 2.217929901159600425e-01
5.195833333333333940e+03 2.248636320411510958e+00 2.380865660899611214e-01
5.200000000000000000e+03 2.261106754934826490e+00 2.183244730987226045e-01
5.204166666666666970e+03 2.478641051920015936e+00 2.121986211659071808e-01
5.208333333333333940e+03 2.523710509097154109e+00 2.066964457945508760e-01
5.212500000000000000e+03 2.835109057593697024e+00 2.071876865684641189e-01
5.216666666666666970e+03 2.485830570706117459e+00 2.119854645787815905e-01
5.220833333333333940e+03 2.503175736380526484e+00 2.058219876696914252e-01
5.225000000000000000e+03 2.334494555023366669e+00 1.970425168683375139e-01
5.229166666666666970e+03 2.229260747924142638e+00 1.947971470564972274e-01
5.233333333333333940e+03 2.515345274317173363e+00 1.948332236798388239e-01
5.237500000000000000e+03 2.438368392129670603e+00 1.994094839971918276e-01
5.241666666666666970e+03 2.399900595741694342e+00 1.975215772658435731e-01
5.245833333333333940e+03 2.218011963865055503e+00 1.927092963497192557e-01
5.250000000000000000e+03 1.878389005868386752e+00 2.174814981501698441e-01
5.254166666666666970e+03 2.491658571146365908e+00 2.074932798256967637e-01
5.258333333333333940e+03 2.211068633195319322e+00 1.955565625584261280e-01
5.262500000000000000e+03 2.375097013988466177e+00 1.976661418180321594e-01
5.266666666666666970e+03 2.616952838847039775e+00 2.067389222766826962e-01
5.270833333333333940e+03 2.290115663254397749e+00 2.015378499390529654e-01
5.275000000000000000e+03 2.417191052945799612e+00 2.157466719121423349e-01
5.279166666666666970e+03 2.436646107550401563e+00 2.086459253608727027e-01
5.283333333333333940e+03 2.656730541816432201e+00 2.125551552346393591e-01
5.287500000000000000e+03 2.371024845774371226e+00 2.132021087018596273e-01
5.291666666666666970e+03 2.258854933652432173e+00 2.192768133761177907e-01
5.295833333333333940e+03 2.192004795765151393e+00 2.253430021092437952e-01
5.300000000000000000e+03 2.171473119754390169e+00 2.196524954094561388e-01
5.304166666666666970e+03 2.531026476706126793e+00 2.385335755817517278e-01
5.308333333333333940e+03 2.540409495480809632e+00 2.250001451580875000e-01
5.312500000000000000e+03 1.045236808323326105e+00 2.145855104358342647e-01
5.316666666666666970e+03 1.844482657221369948e+00 2.249843003464052915e-01
5.320833333333333940e+03 2.334187465024965658e+00 2.314988920889616553e-01
5.325000000000000000e+03 2.041361409961148343e+00 2.243010638087856723e-01
5.329166666666666970e+03 1.987539629770749716e+00 2.241073132450884242e-01
5.333333333333333940e+03 2.215469052231235025e+00 2.243340437262610343e-01
5.337500000000000000e+03 2.190023420128407672e+00 2.230004473449682945e-01
5.341666666666666970e+03 2.068137077233521914e+00 2.201433232892539005e-01
5.345833333333333940e+03 2.133554472540025504e+00 2.198555877025165362e-01
5.350000000000000000e+03 2.329485633284736679e+00 2.200022167252826122e-01
5.354166666666666970e+03 2.233318980961839895e+00 2.147131979410518976e-01
5.358333333333333940e+03 2.022171123708109253e+00 2.113548204291234578e-01
5.362500000000000000e+03 2.408414472403254347e+00 2.117541406505740464e-01
5.366666666666666970e+03 2.278325471786364798e+00 2.070636118867570930e-01
5.370833333333333940e+03 2.143924308250747313e+00 2.042359581485363451e-01
5.375000000000000000e+03 2.038820046680260401e+00 2.032269481537891387e-01
5.379166666666666970e+03 1.880979400325489825e+00 1.985184068841836236e-01
5.383333333333333940e+03 2.540240725011099876e+00 2.105296515393015322e-01
5.387500000000000000e+03 2.452297891233626181e+00 2.162078230273886958e-01
5.391666666666666970e+03 2.331857193860626065e+00 2.063607112668869037e-01
5.395833333333333940e+03 2.288137384323520429e+00 1.930559725714439123e-01
5.400000000000000000e+03 2.177289765606462257e+00 1.901514689159762017e-01
5.404166666666666970e+03 2.509810428698928231e+00 1.856296590101044475e-01
5.408333333333333940e+03 2.199179863257210599e+00 1.804824177427827026e-01
5.412500000000000000e+03 2.055153105654056400e+00 1.773161392180895302e-01
5.416666666666666970e+03 2.354581853742323982e+00 1.903320068679775212e-01
5.420833333333333940e+03 2.119214143791150029e+00 1.784090183300471866e-01
5.425000000000000000e+03 2.293438944766509113e+00 1.727302275007867594e-01
5.429166666666666970e+03 2.033023013298674631e+00 1.695442848938430169e-01
5.433333333333333940e+03 2.386777788515892507e+00 1.722195807034451465e-01
5.437500000000000000e+03 2.144463651189115971e+00 1.695878452230279998e-01
5.441666666666666970e+03 2.520545159584221206e+00 1.698784194568093986e-01
5.445833333333333940e+03 1.917040024020115530e+00 1.752544040641167977e-01
5.450000000000000000e+03 2.027186238858471601e+00 1.673129534819296493e-01
5.454166666666666970e+03 2.057113836585025446e+00 1.731084385105825518e-01
5.458333333333333940e+03 2.334631842316769568e+00 1.695721552466390725e-01
5.462500000000000000e+03 2.233547621078296519e+00 1.804760694957569522e-01
5.466666666666666970e+03 2.188295458255050452e+00 1.702382566784655660e-01
5.470833333333333940e+03 1.997136837367846640e+00 1.722441995150816862e-01
5.475000000000000000e+03 2.307152190577472339e+00 1.792495675256713938e-01
5.479166666666666970e+03 2.190316574950410988e+00 1.808586158937654786e-01
5.483333333333333940e+03 2.498485259228474309e+00 1.810572695750842231e-01
5.487500000000000000e+03 2.615157265562269906e+00 1.811913569390920520e-01
5.491666666666666970e+03 2.057660405170415263e+00 1.784259986005470311e-01
5.495833333333333940e+03 2.326246478948658325e+00 1.841713686059314181e-01
5.500000000000000000e+03 2.128756642917943420e+00 1.816463146426059716e-01
5.504166666666666970e+03 2.181335611820693909e+00 1.903067687151677179e-01
5.508333333333333940e+03 2.086862857606626154e+00 1.845358508863869096e-01
5.512500000000000000e+03 2.335044220314622887e+00 1.881006238442997081e-01
5.516666666666666970e+03 2.129830683735881802e+00 1.877047099993019719e-01
5.520833333333333940e+03 2.396803889875462446e+00 1.909395805589322037e-01
5.525000000000000000e+03 1.983439075086214309e+00 1.905937817372029552e-01
5.529166666666666970e+03 2.373306085762494799e+00 1.958992646742891419e-01
5.533333333333333940e+03 2.227678847344142454e+00 1.926228466442869713e-01
5.537500000000000000e+03 1.989372363525914844e+00 1.918968239539489140e-01
5.541666666666666970e+03 2.146401156826088563e+00 1.935656903570256715e-01
5.545833333333333940e+03 2.228470571810609258e+00 1.945670101988717648e-01
5.550000000000000000e+03 1.940953818954446630e+00 1.936485272389474044e-01
5.554166666666666970e+03 2.060221897039433259e+00 1.933221344406465536e-01
5.558333333333333940e+03 2.025124348869205892e+00 1.926854517145492884e-01
5.562500000000000000e+03 2.039549320911758112e+00 1.908632467593295856e-01
5.566666666666666970e+03 2.004693315799096709e+00 1.889856623808687797e-01
5.570833333333333940e+03 1.879233374334579265e+00 1.868878506035544507e-01
5.575000000000000000e+03 2.065910029598056585e+00 1.856251171748339590e-01
5.579166666666666970e+03 1.667603463201005498e+00 1.810579921397863501e-01
5.583333333333333940e+03 1.923903872572618301e+00 1.835129573270060932e-01
5.587500000000000000e+03 2.226730739231431055e+00 1.822954874156970384e-01
5.591666666666666970e+03 2.173654749037150502e+00 1.795223873124864034e-01
5.595833333333333940e+03 2.316425276293903934e+00 1.920277630003260627e-01
5.600000000000000000e+03 1.789807734564824448e+00 1.811372678099618660e-01
5.604166666666666970e+03 2.120785205900618031e+00 1.796993124409771159e-01
5.608333333333333940e+03 2.143580573899595443e+00 1.767262167505723458e-01
5.612500000000000000e+03 1.962848561663994129e+00 1.706173967000212122e-01
5.616666666666666970e+03 1.969888406333228037e+00 1.693742757417868727e-01
5.620833333333333940e+03 2.119360205084507509e+00 1.671267382358402331e-01
5.625000000000000000e+03 2.146134324003948102e+00 1.633694533965766860e-01
5.629166666666666970e+03 2.180337956414123202e+00 1.609595968914750708e-01
5.633333333333333940e+03 2.170302048819309881e+00 1.596135620749529471e-01
5.637500000000000000e+03 2.236424976945670107e+00 1.580194811185456627e-01
5.641666666666666970e+03 2.332654079503535982e+00 1.570196064061038510e-01
5.645833333333333940e+03 2.172893991629346377e+00 1.545024490427372721e-01
5.650000000000000000e+03 2.130991432318074086e+00 1.525708787586751436e-01
5.654166666666666970e+03 2.211131599547932591e+00 1.525442470882255597e-01
5.658333333333333940e+03 2.065493522659048953e+00 1.506961846390228177e-01
5.662500000000000000e+03 1.941357939069989769e+00 1.474120248443550607e-01
5.666666666666666970e+03 2.233330851667659989e+00 1.490826460474226900e-01
5.670833333333333940e+03 2.263221288923818353e+00 1.492441908701111486e-01
5.675000000000000000e+03 2.385623749463076315e+00 1.500213608190064662e-01
5.679166666666666970e+03 2.220259140088650884e+00 1.480866422173136576e-01
5.683333333333333940e+03 2.338965682176560978e+00 1.489514489422233412e-01
5.687500000000000000e+03 2.267683642077058970e+00 1.519191253973622147e-01
5.691666666666666970e+03 2.275414052154462574e+00 1.716847279885824473e-01
5.695833333333333940e+03 2.188925637898828658e+00 1.654556009151282037e-01
5.700000000000000000e+03 2.149891144337331639e+00 1.545991694892925594e-01
5.704166666666666970e+03 2.136107190409089363e+00 1.501569965359474124e-01
5.708333333333333940e+03 1.969272677983492148e+00 1.504934536283135116e-01
5.712500000000000000e+03 2.154110922197716604e+00 1.524812807356121791e-01
5.716666666666666970e+03 2.013030680226281621e+00 1.540239047628755853e-01
5.720833333333333940e+03 2.326962334121402076e+00 1.746420820908338722e-01
5.725000000000000000e+03 1.627975950466125310e+00 1.537590331877838612e-01
5.729166666666666970e+03 1.856318783159752517e+00 1.537909292582060605e-01
5.733333333333333940e+03 2.043980707006336051e+00 1.654920904325853093e-01
5.737500000000000000e+03 1.816633981366347017e+00 1.610731943850013392e-01
5.741666666666666970e+03 1.991526122455878900e+00 1.702264375844094457e-01
5.745833333333333940e+03 1.864086869825195114e+00 1.638727197116038037e-01
5.750000000000000000e+03 1.795883987592015840e+00 1.737420761425780280e-01
5.754166666666666970e+03 2.046246463465128951e+00 1.688462873915943518e-01
5.758333333333333940e+03 2.076936366952419899e+00 1.731092642988135422e-01
5.762500000000000000e+03 1.866509009930232832e+00 1.754059362045044257e-01
5.766666666666666970e+03 1.872617262251375259e+00 1.707097817583637933e-01
5.770833333333333940e+03 1.871561285550989995e+00 1.841240922297069371e-01
5.775000000000000000e+03 2.078536847767616713e+00 1.723010240677270433e-01
5.779166666666666970e+03 1.863253855947178739e+00 1.708898035927207404e-01
5.783333333333333940e+03 2.205696364635051587e+00 1.813397923736134454e-01
5.787500000000000000e+03 1.881565193851851836e+00 1.702662302547905404e-01
5.791666666666666970e+03 1.999512010767246828e+00 1.844633879691170708e-01
5.795833333333333940e+03 2.338194086298224672e+00 1.708357660753550000e-01
5.800000000000000000e+03 1.989507586348740364e+00 1.674188608225547770e-01
5.804166666666666970e+03 2.220417072087828902e+00 1.679575328079858099e-01
5.808333333333333940e+03 2.518618492417780352e+00 1.741230741876534371e-01
5.812500000000000000e+03 2.248538258059080253e+00 1.649159483061728715e-01
5.816666666666666970e+03 1.991489478103128485e+00 1.719315870578855820e-01
5.820833333333333940e+03 2.043717487007706168e+00 1.614110966067716646e-01
5.825000000000000000e+03 2.139788657566394470e+00 1.764385843873638726e-01
5.829166666666666970e+03 2.226116043116984411e+00 1.737781527659196523e-01
5.833333333333333940e+03 2.333312129500110466e+00 1.694672285295382719e-01
5.837500000000000000e+03 2.292850570651924880e+00 1.686615688866736074e-01
5.841666666666666970e+03 2.266893465963525589e+00 1.683371889471858285e-01
5.845833333333333940e+03 2.148725234578695353e+00 1.555780898253728839e-01
5.850000000000000000e+03 1.937634666383490245e+00 1.508066338149184338e-01
5.854166666666666970e+03 1.933961457108494875e+00 1.476376714784745081e-01
5.858333333333333940e+03 2.034642074349069407e+00 1.473901414562336920e-01
5.862500000000000000e+03 2.279330352839957108e+00 1.461468656627060436e-01
5.866666666666666970e+03 2.222510445253401468e+00 1.457713384646609767e-01
5.870833333333333940e+03 2.141856224849748358e+00 1.439453658506373857e-01
5.875000000000000000e+03 1.945401204695999642e+00 1.481192608524379839e-01
5.879166666666666970e+03 2.158480890292614252e+00 1.403611352575317439e-01
5.883333333333333940e+03 2.288539439968486189e+00 1.382709620213541379e-01
5.887500000000000000e+03 1.879748975861306848e+00 1.371996050151667590e-01
5.891666666666666970e+03 1.994847855615056842e+00 1.346095718404148878e-01
5.895833333333333940e+03 1.928676412430125886e+00 1.331066888717681307e-01
5.900000000000000000e+03 1.996130924078965752e+00 1.334905255638875743e-01
5.904166666666666970e+03 2.016325575267952530e+00 1.313480179985706264e-01
5.908333333333333940e+03 2.195689875745967523e+00 1.359602001039719177e-01
5.912500000000000000e+03 2.184383286510710676e+00 1.304915723794997651e-01
5.916666666666666970e+03 2.119409236260722640e+00 1.286765930713012762e-01
5.920833333333333940e+03 2.119065501909570770e+00 1.287779585766559431e-01
5.925000000000000000e+03 2.027924287089923894e+00 1.280773804861854159e-01
5.929166666666666970e+03 2.056434109647387043e+00 1.291579759982070252e-01
5.933333333333333940e+03 2.009311536480937299e+00 1.284730878841253976e-01
5.937500000000000000e+03 2.089426930063865928e+00 1.304929142853751278e-01
5.941666666666666970e+03 2.123585660238980655e+00 1.319676688424036293e-01
5.945833333333333940e+03 2.009591272244186655e+00 1.315446588210763545e-01
5.950000000000000000e+03 2.044084962770499114e+00 1.329609888607619084e-01
5.954166666666666970e+03 2.106234301152838828e+00 1.391115628287427353e-01
5.958333333333333940e+03 2.062513459380444392e+00 1.355052424004579981e-01
5.962500000000000000e+03 2.333654831615973979e+00 1.373790075083504703e-01
5.966666666666666970e+03 1.973632323725502680e+00 1.383065225270513621e-01
5.970833333333333940e+03 2.030090948960997288e+00 1.397136140609026578e-01
5.975000000000000000e+03 2.158938170525527944e+00 1.409433159603833419e-01
5.979166666666666970e+03 1.977448497587988907e+00 1.419722480962032907e-01
5.983333333333333940e+03 1.787067149873209360e+00 1.426149693987397160e-01
5.987500000000000000e+03 2.061831667972229720e+00 1.429410525264539489e-01
5.991666666666666970e+03 1.787742747869692339e+00 1.423249628943671075e-01
5.995833333333333940e+03 1.823706341447175916e+00 1.439909390386354127e-01
6.000000000000000000e+03 1.939754361548926109e+00 1.471561853280398680e-01
6.004166666666666970e+03 2.103442620814431230e+00 1.489993962713855036e-01
6.008333333333333940e+03 2.065258173013214904e+00 1.511973864834724457e-01
6.012500000000000000e+03 1.731520504515319914e+00 1.499022408666854100e-01
6.016666666666666970e+03 1.948145918328769932e+00 1.537663104465695207e-01
6.020833333333333940e+03 2.097331271787422846e+00 1.562698939158891076e-01
6.025000000000000000e+03 1.906924634308069244e+00 1.560300540465494323e-01
6.029166666666666970e+03 2.008252979192330478e+00 1.577549708258050021e-01
6.033333333333333940e+03 2.268804649600634882e+00 2.086487640079167372e-01
6.037500000000000000e+03 2.251273165456607384e+00 1.883758693840432985e-01
6.041666666666666970e+03 1.776748409809280504e+00 1.584083757635799394e-01
6.045833333333333940e+03 1.845282639570146266e+00 1.696898300695559025e-01
6.050000000000000000e+03 2.113191050881328970e+00 1.592870144413587874e-01
6.054166666666666970e+03 1.772414569949489094e+00 1.572871101811818273e-01
6.058333333333333940e+03 1.821287298048004599e+00 1.597479074977829760e-01
6.062500000000000000e+03 2.051051518734232193e+00 1.842085806880906507e-01
6.066666666666666970e+03 1.922093847993805449e+00 1.574322940745436494e-01
6.070833333333333940e+03 2.159164230053762790e+00 1.721599175037557272e-01
6.075000000000000000e+03 2.083195325625718297e+00 1.539728607278471606e-01
6.079166666666666970e+03 1.989815192464785776e+00 1.798031553110247815e-01
6.083333333333333940e+03 1.831402171642406485e+00 1.620220250624147540e-01
6.087500000000000000e+03 2.113327305939443512e+00 1.762190795532124488e-01
6.091666666666666970e+03 2.199649014195944829e+00 1.618490224280212941e-01
6.095833333333333940e+03 1.643551348737982698e+00 1.681820439832875935e-01
6.100000000000000000e+03 1.998050365598384781e+00 1.492031079056191367e-01
6.104166666666666970e+03 1.986658616951807010e+00 1.458157245820769776e-01
6.108333333333333940e+03 2.093462453925210465e+00 1.620063866977903000e-01
6.112500000000000000e+03 1.810932429748969730e+00 1.399198546715937075e-01
6.116666666666666970e+03 2.410701905803110723e+00 1.628467810581211705e-01
6.120833333333333940e+03 2.032962111416638518e+00 1.402191512935650197e-01
6.125000000000000000e+03 2.156152683598852260e+00 1.411195701359363730e-01
6.129166666666666970e+03 2.056946614468249113e+00 1.366887517707673916e-01
6.133333333333333940e+03 2.231283412972436597e+00 1.477960163717678133e-01
6.137500000000000000e+03 2.015308823508539682e+00 1.344662459705728008e-01
6.141666666666666970e+03 2.055064849536868632e+00 1.493880328575976080e-01
6.145833333333333940e+03 2.013008487167573524e+00 1.318531423371174793e-01
6.150000000000000000e+03 2.076211221662076944e+00 1.294396213967408116e-01
6.154166666666666970e+03 2.105233032922757541e+00 1.288489247527570825e-01
6.158333333333333940e+03 2.127443123513017120e+00 1.382191438098591685e-01
6.162500000000000000e+03 2.146942564235034823e+00 1.295186906198586008e-01
6.166666666666666970e+03 2.042107199957265529e+00 1.414382727813360552e-01
6.170833333333333940e+03 2.114925722284063170e+00 1.268724006218701628e-01
6.175000000000000000e+03 1.825310951203528820e+00 1.241524090242654144e-01
6.179166666666666970e+03 2.024222175226843667e+00 1.266869595522473191e-01
6.183333333333333940e+03 1.963806476011948909e+00 1.242453102002523679e-01
6.187500000000000000e+03 2.163707613677169128e+00 1.268481947043491043e-01
6.191666666666666970e+03 2.144724806717167809e+00 1.346267069462080135e-01
6.195833333333333940e+03 2.139633306155438675e+00 1.269153932216463554e-01
6.200000000000000000e+03 1.897115302359135169e+00 1.387111587602389839e-01
6.204166666666666970e+03 1.889789528514919326e+00 1.254180327117943583e-01
6.208333333333333940e+03 1.821890123456630928e+00 1.257322967454524432e-01
6.212500000000000000e+03 2.052856898254244999e+00 1.294418407026116102e-01
6.216666666666666970e+03 1.825566945555137099e+00 1.307101998136557530e-01
6.220833333333333940e+03 2.186930327085686354e+00 1.405176221273053416e-01
6.225000000000000000e+03 2.035324897992573767e+00 1.408223379845425505e-01
6.229166666666666970e+03 2.054052742836254719e+00 1.409103876546723977e-01
6.233333333333333940e+03 1.849535448959771511e+00 1.469016361058356201e-01
6.237500000000000000e+03 1.675079943397378202e+00 1.434958273823893904e-01
6.241666666666666970e+03 1.964491880243674604e+00 1.351761141786420040e-01
6.245833333333333940e+03 2.086476801608635689e+00 1.418145741558476669e-01
6.250000000000000000e+03 2.111706180418470691e+00 1.388672327358970726e-01
6.254166666666666970e+03 1.699061349743121951e+00 1.360330759153572378e-01
6.258333333333333940e+03 1.901241146808244853e+00 1.381190169868510009e-01
6.262500000000000000e+03 1.645416597904743261e+00 1.404039730220146276e-01
6.266666666666666970e+03 1.602223228364896945e+00 1.418980303789426078e-01
6.270833333333333940e+03 1.825955066023704720e+00 1.651248727286146467e-01
6.275000000000000000e+03 1.651250791756724068e+00 1.528012736751227785e-01
6.279166666666666970e+03 1.693634372712550684e+00 1.436150505582393100e-01
6.283333333333333940e+03 1.950438512905070310e+00 1.506435406392968857e-01
6.287500000000000000e+03 1.699489211270306388e+00 1.452654915614119968e-01
6.291666666666666970e+03 1.688107784976615511e+00 1.461872776742603464e-01
6.295833333333333940e+03 1.673776230227694617e+00 1.513775115413582562e-01
6.300000000000000000e+03 1.886865722059551942e+00 1.527001146168258938e-01
6.304166666666666970e+03 2.010163130594150971e+00 1.506240313923395968e-01
6.308333333333333940e+03 2.007865890959051214e+00 1.666554712147641781e-01
6.312500000000000000e+03 1.882231501730736056e+00 1.524746228179997554e-01
6.316666666666666970e+03 1.968782366221338842e+00 1.481700984404086263e-01
6.320833333333333940e+03 1.897775416826287032e+00 1.554908143317095814e-01
6.325000000000000000e+03 1.568818546068209363e+00 1.448751001752090484e-01
6.329166666666666970e+03 1.330896569895038573e+00 1.365301488186518863e-01
6.333333333333333940e+03 1.141658990491951853e+00 1.406362775737464432e-01
6.337500000000000000e+03 1.028933426114082117e+00 1.300900844639427956e-01
6.341666666666666970e+03 1.113892377342383888e+00 1.318555164782815869e-01
6.345833333333333940e+03 1.271428978792855213e+00 1.331721325890745100e-01
6.350000000000000000e+03 1.614393798536832403e+00 1.765036152105547151e-01
6.354166666666666970e+03 1.287565913061789358e+00 1.538702565401460221e-01
6.358333333333333940e+03 1.219871819602432073e+00 1.599036718028544191e-01
6.362500000000000000e+03 1.417504723444166892e+00 1.460361068162238096e-01
6.366666666666666970e+03 1.452514015497206712e+00 1.454306492076110346e-01
6.370833333333333940e+03 1.456119097243144811e+00 1.417752976031109724e-01
6.375000000000000000e+03 1.781664430371923569e+00 1.424102771409817836e-01
6.379166666666666970e+03 1.672077687060066209e+00 1.446620468116122937e-01
6.383333333333333940e+03 1.433525531243117435e+00 1.400964701294978021e-01
6.387500000000000000e+03 1.765844908454278217e+00 1.391192529816439039e-01
6.391666666666666970e+03 1.942613137181102401e+00 1.360307017741931301e-01
6.395833333333333940e+03 1.845055547806622620e+00 1.335863686104474535e-01
6.400000000000000000e+03 1.840214364302413586e+00 1.349874731796240623e-01
6.404166666666666970e+03 1.999479495355651393e+00 1.352166294137252256e-01
6.408333333333333940e+03 1.908542147005531042e+00 1.362837026434642607e-01
6.412500000000000000e+03 1.894620905783885201e+00 1.308981182479715677e-01
6.416666666666666970e+03 1.840682483005859016e+00 1.373484533438036614e-01
6.420833333333333940e+03 1.891768323563441490e+00 1.259440598149382806e-01
6.425000000000000000e+03 2.172625610454272937e+00 1.368311486288496248e-01
6.429166666666666970e+03 2.139277184980822089e+00 1.914305116622588288e-01
6.433333333333333940e+03 2.085208184438769319e+00 1.373820526024522870e-01
6.437500000000000000e+03 2.206444735219390552e+00 1.477325855132745058e-01
6.441666666666666970e+03 2.224880973594002054e+00 1.279470091692170575e-01
6.445833333333333940e+03 2.132488173486752903e+00 1.319256568661517359e-01
6.450000000000000000e+03 2.123085026123939567e+00 1.259780203559379697e-01
6.454166666666666970e+03 1.959058193683726357e+00 1.240059348367926473e-01
6.458333333333333940e+03 2.229546160981480618e+00 1.591398693009483389e-01
6.462500000000000000e+03 1.825716619672005159e+00 1.244546475168096522e-01
6.466666666666666970e+03 1.986900676127016929e+00 1.355377062002890154e-01
6.470833333333333940e+03 1.725274964900774588e+00 1.190094515333919856e-01
6.475000000000000000e+03 1.824298328385270729e+00 1.258571456036260416e-01
6.479166666666666970e+03 2.039610738911438403e+00 1.402520279875115183e-01
6.483333333333333940e+03 1.970057692920582193e+00 1.358500605986629473e-01
6.487500000000000000e+03 1.796639067705732007e+00 1.253293120887268020e-01
6.491666666666666970e+03 1.893699119671036879e+00 1.322245922057719847e-01
6.495833333333333940e+03 2.130383961850648156e+00 1.458583558995021068e-01
6.500000000000000000e+03 1.813366956677472164e+00 1.232039912409674670e-01
6.504166666666666970e+03 1.986805194362808669e+00 1.254780055820703955e-01
6.508333333333333940e+03 2.020463806540526708e+00 1.437589957692546327e-01
6.512500000000000000e+03 2.002738262162215399e+00 1.312773098812916595e-01
6.516666666666666970e+03 1.864725307351283279e+00 1.515270824346972578e-01
6.520833333333333940e+03 1.799302234750691509e+00 1.274896257127745847e-01
6.525000000000000000e+03 1.976414713946311963e+00 1.304334575327434909e-01
6.529166666666666970e+03 1.917977293662294747e+00 1.301616183694527529e-01
6.533333333333333940e+03 2.006659724024154379e+00 1.433675205359985216e-01
6.537500000000000000e+03 1.794405826658534542e+00 1.281450951211270117e-01
6.541666666666666970e+03 1.971843976087753747e+00 1.486562812614070084e-01
6.545833333333333940e+03 1.752185854995973902e+00 1.535589859888252806e-01
6.550000000000000000e+03 1.668167063668659855e+00 1.571710869347270056e-01
6.554166666666666970e+03 1.765357177280346690e+00 1.355704280589421773e-01
6.558333333333333940e+03 1.679529909727153436e+00 1.587280074207395031e-01
6.562500000000000000e+03 3.338726332618983772e+00 1.463588867910140534e-01
6.566666666666666970e+03 2.230628459681728515e+00 1.707344521817647787e-01
6.570833333333333940e+03 1.654335626917135205e+00 1.434057132416820257e-01
6.575000000000000000e+03 1.707582452051703115e+00 1.662323579699080400e-01
6.579166666666666970e+03 1.900865929280786348e+00 1.455458982775993115e-01
6.583333333333333940e+03 1.910797581111435939e+00 1.414148926520460148e-01
6.587500000000000000e+03 1.829475504475965630e+00 1.448735518222759311e-01
6.591666666666666970e+03 2.046127756406923570e+00 1.526125294525759457e-01
6.595833333333333940e+03 2.043564200067327530e+00 1.700274742325040556e-01
6.600000000000000000e+03 1.810258896223064129e+00 1.721166668451573623e-01
6.604166666666666970e+03 1.866058439226695675e+00 1.443613050602367553e-01
6.608333333333333940e+03 1.986554877305287903e+00 1.708585268634718046e-01
6.612500000000000000e+03 1.867969106746160790e+00 1.441302908026158569e-01
6.616666666666666970e+03 1.813482567029811587e+00 1.430705464434268714e-01
6.620833333333333940e+03 2.116519493569883892e+00 1.481634405227962026e-01
6.625000000000000000e+03 1.850499040601814027e+00 1.556913776483125345e-01
6.629166666666666970e+03 1.816988554188030403e+00 1.412347675941602043e-01
6.633333333333333940e+03 1.947212777627745250e+00 1.408921687018260815e-01
6.637500000000000000e+03 1.451356363620880163e+00 1.574666675096588198e-01
6.641666666666666970e+03 1.515422046816773616e+00 1.455787749715458101e-01
6.645833333333333940e+03 1.820282416994412289e+00 1.469439061409096858e-01
6.650000000000000000e+03 2.312024341140344053e+00 1.636814981243639999e-01
6.654166666666666970e+03 1.722440446797883773e+00 1.682076434184484603e-01
6.658333333333333940e+03 1.450176002568201561e+00 1.659216551479961166e-01
6.662500000000000000e+03 1.632741780794256359e+00 1.914918264384102287e-01
6.666666666666666970e+03 1.664323535571021750e+00 1.631413810095287131e-01
6.670833333333333940e+03 2.220778354438889490e+00 1.597974547916426735e-01
6.675000000000000000e+03 1.963368808249521535e+00 1.543288786789349665e-01
6.679166666666666970e+03 2.064277549488907848e+00 1.704091948422815639e-01
6.683333333333333940e+03 1.890042426160661648e+00 1.547594240178700731e-01
6.687500000000000000e+03 1.987460663771160707e+00 1.714436494368963282e-01
6.691666666666666970e+03 1.878856608454187560e+00 1.573365026397482158e-01
6.695833333333333940e+03 1.839437607247633721e+00 1.405122545038038628e-01
6.700000000000000000e+03 1.785490926587297356e+00 1.384795251614448219e-01
6.704166666666666970e+03 1.442146244257062282e+00 1.311471450113810555e-01
6.708333333333333940e+03 1.964906322712105746e+00 1.488555542838990442e-01
6.712500000000000000e+03 1.762078798003295699e+00 1.315867740208571113e-01
6.716666666666666970e+03 1.860814167842232525e+00 1.432891222658184138e-01
6.720833333333333940e+03 1.679845257607864628e+00 1.333674831174692932e-01
6.725000000000000000e+03 1.807431603767194250e+00 1.267605579283347383e-01
6.729166666666666970e+03 1.787042376226279705e+00 1.285821951541456509e-01
6.733333333333333940e+03 2.052912122842192932e+00 1.284128053432627425e-01
6.737500000000000000e+03 1.703396221838202163e+00 1.284003669080334142e-01
6.741666666666666970e+03 1.790083857504563669e+00 1.223463069395501340e-01
6.745833333333333940e+03 1.954415199354956334e+00 1.318729096428969405e-01
6.750000000000000000e+03 1.751816830880247755e+00 1.284443401313338784e-01
6.754166666666666970e+03 1.823574215330216797e+00 1.301237353343558667e-01
6.758333333333333940e+03 1.760175872248496365e+00 1.223437263513282580e-01
6.762500000000000000e+03 1.713136910140434344e+00 1.187518056053214893e-01
6.766666666666666970e+03 1.884927184187290994e+00 1.207591419595774040e-01
6.770833333333333940e+03 1.785194675059427860e+00 1.205106829255767620e-01
6.775000000000000000e+03 1.736283238137584561e+00 1.206042550545013831e-01
6.779166666666666970e+03 1.584177174929430665e+00 1.188462551342415741e-01
6.783333333333333940e+03 1.664999649685148908e+00 1.247806790327594118e-01
6.787500000000000000e+03 1.587732709381509233e+00 1.238406223553003005e-01
6.791666666666666970e+03 1.945145210344391362e+00 1.198415880114129112e-01
6.795833333333333940e+03 1.619188015335403685e+00 1.154390012813910904e-01
6.800000000000000000e+03 1.825758425201198687e+00 1.175861539055073901e-01
6.804166666666666970e+03 1.605954758933706206e+00 1.155728305865767608e-01
6.808333333333333940e+03 1.803397112141138514e+00 1.168690600504169730e-01
6.812500000000000000e+03 1.634952312665101326e+00 1.159049522907300983e-01
6.816666666666666970e+03 1.707660901933647724e+00 1.168837177915171277e-01
6.820833333333333940e+03 1.629779265515561182e+00 1.165222289933989935e-01
6.825000000000000000e+03 1.791916075142084175e+00 1.221062090113882725e-01
6.829166666666666970e+03 1.742740385986322416e+00 1.226275910557328291e-01
6.833333333333333940e+03 1.600695004019911494e+00 1.174881947766055895e-01
6.837500000000000000e+03 1.759887362485292428e+00 1.213465354506371580e-01
6.841666666666666970e+03 1.649783469293774507e+00 1.199423857873587740e-01
6.845833333333333940e+03 1.776044941460001692e+00 1.208073473475617665e-01
6.850000000000000000e+03 1.739450136003450886e+00 1.205724105958436432e-01
6.854166666666666970e+03 1.951191012430564475e+00 1.238921825079730699e-01
6.858333333333333940e+03 1.588354115025333080e+00 1.183094927840947080e-01
6.862500000000000000e+03 1.650737254700573864e+00 1.208606623002253938e-01
6.866666666666666970e+03 1.666039626738558654e+00 1.251227101956847443e-01
6.870833333333333940e+03 1.730334982286197532e+00 1.259768332853559158e-01
6.875000000000000000e+03 1.612651901487076822e+00 1.264373134476645955e-01
6.879166666666666970e+03 1.984100737906299372e+00 1.291071384102363828e-01
6.883333333333333940e+03 1.706875370878913722e+00 1.259105121680541284e-01
6.887500000000000000e+03 1.674082804108451450e+00 1.265876585174701419e-01
6.891666666666666970e+03 1.676728939271146412e+00 1.279996531689429895e-01
6.895833333333333940e+03 1.522271960192878693e+00 1.275019609244750773e-01
6.900000000000000000e+03 1.888042986406364809e+00 1.867225381220621039e-01
6.904166666666666970e+03 1.765061957987765773e+00 1.500584696776368077e-01
6.908333333333333940e+03 1.478989302300556030e+00 1.545512737718948426e-01
6.912500000000000000e+03 1.538598825754941446e+00 1.436434886404442113e-01
6.916666666666666970e+03 1.459598246283856371e+00 1.554188159203196973e-01
6.920833333333333940e+03 1.465152704372587600e+00 1.362232136555438788e-01
6.925000000000000000e+03 1.413113078408205769e+00 1.474786556322434661e-01
6.929166666666666970e+03 1.701558843024237877e+00 1.345991978757630214e-01
6.933333333333333940e+03 1.427319216569544302e+00 1.370492083335967670e-01
6.937500000000000000e+03 1.752536298876502308e+00 1.361055388326270765e-01
6.941666666666666970e+03 1.404330304453927702e+00 1.334019597761133546e-01
6.945833333333333940e+03 1.688459261092432717e+00 1.370308345454571419e-01
6.950000000000000000e+03 1.348736692390400282e+00 1.394005370978266267e-01
6.954166666666666970e+03 1.970193947978696514e+00 1.848636372023275409e-01
6.958333333333333940e+03 1.783953412124713367e+00 1.507181196389086320e-01
6.962500000000000000e+03 1.724122474200892041e+00 1.549390845698759567e-01
6.966666666666666970e+03 1.610939939260695120e+00 1.444848636242994089e-01
6.970833333333333940e+03 1.641637068395007004e+00 1.613405433247860066e-01
6.975000000000000000e+03 1.502072147827448134e+00 1.368789927344828961e-01
6.979166666666666970e+03 1.634275166315685368e+00 1.785982270584739462e-01
6.983333333333333940e+03 1.562734035158708013e+00 1.978475055582644693e-01
6.987500000000000000e+03 1.495629967390397219e+00 1.774443428409515355e-01
6.991666666666666970e+03 1.757115294617370704e+00 1.708075860519722711e-01
6.995833333333333940e+03 1.768751683027381061e+00 1.645496080021976448e-01
7.000000000000000000e+03 1.956641730872777263e+00 1.959343606741064114e-01
7.004166666666666970e+03 1.941113299306557627e+00 1.588035670438755487e-01
7.008333333333333940e+03 1.611074129848231840e+00 1.538585406696187929e-01
7.012500000000000000e+03 1.335697496222986613e+00 1.702829524664681848e-01
7.016666666666666970e+03 1.666272395796170480e+00 1.494429477749587842e-01
7.020833333333333940e+03 1.575602396385834769e+00 1.538912625282719826e-01
7.025000000000000000e+03 1.489174367894592343e+00 1.798710763930241041e-01
7.029166666666666970e+03 1.971761397264653937e+00 1.503013030293138264e-01
7.033333333333333940e+03 1.842825919582935956e+00 1.406818507617444980e-01
7.037500000000000000e+03 1.560649435993090028e+00 1.412259935942058731e-01
7.041666666666666970e+03 1.755010050745977379e+00 1.507293193917914886e-01
7.045833333333333940e+03 1.880716696444504343e+00 1.435306653233844876e-01
7.050000000000000000e+03 1.776113585106702919e+00 1.363366563137768106e-01
7.054166666666666970e+03 1.782183644722161731e+00 1.609152623858234876e-01
7.058333333333333940e+03 1.770238101843172318e+00 1.300338276407062565e-01
7.062500000000000000e+03 1.786890121521189867e+00 1.355822471529983253e-01
7.066666666666666970e+03 1.738584090596194676e+00 1.269407345979849944e-01
7.070833333333333940e+03 1.719589929048017440e+00 1.268093826574923366e-01
7.075000000000000000e+03 1.700721700205066744e+00 1.245952379631365681e-01
7.079166666666666970e+03 1.930151992775385184e+00 1.490115766477926873e-01
7.083333333333333940e+03 1.671897562002180537e+00 1.261730096019816894e-01
7.087500000000000000e+03 1.610924971849008402e+00 1.490906458709104765e-01
7.091666666666666970e+03 1.829717047533531815e+00 1.218502146597797847e-01
7.095833333333333940e+03 1.590503745014142378e+00 1.183898523013234144e-01
7.100000000000000000e+03 1.953280772772626683e+00 1.244148548464285436e-01
7.104166666666666970e+03 1.552950509091993059e+00 1.165443188285781168e-01
7.108333333333333940e+03 1.630083258808096014e+00 1.165985627930016116e-01
7.112500000000000000e+03 1.485144005209691809e+00 1.149267029075874830e-01
7.116666666666666970e+03 1.751440581117500672e+00 1.296548940662083649e-01
7.120833333333333940e+03 1.740350245175235511e+00 1.166466649574570830e-01
7.125000000000000000e+03 1.545082295603542377e+00 1.374669023431870085e-01
7.129166666666666970e+03 1.682560036417261262e+00 1.164477016055516789e-01
7.133333333333333940e+03 1.418199417793491568e+00 1.133964140920245695e-01
7.137500000000000000e+03 1.747961432076789334e+00 1.157587361620795452e-01
7.141666666666666970e+03 1.779115325326370289e+00 1.170610558141233354e-01
7.145833333333333940e+03 1.701592906788766513e+00 1.203253966912472134e-01
7.150000000000000000e+03 1.664963005332398494e+00 1.157043889741271731e-01
7.154166666666666970e+03 1.792241229258038526e+00 1.161452050541852687e-01
7.158333333333333940e+03 1.729986086758601882e+00 1.258055338391888545e-01
7.162500000000000000e+03 1.618641446750013868e+00 1.257996500980430310e-01
7.166666666666666970e+03 1.774625101820334283e+00 1.201506908686272856e-01
7.170833333333333940e+03 1.640865988634315542e+00 1.177186413048176700e-01
7.175000000000000000e+03 1.799065852869568882e+00 1.271419688675256288e-01
7.179166666666666970e+03 1.637913795708507703e+00 1.478710598772594864e-01
7.183333333333333940e+03 1.680986909837215437e+00 1.721470145626464443e-01
7.187500000000000000e+03 1.669783028013188675e+00 1.792258261140302622e-01
7.191666666666666970e+03 1.679887579254703001e+00 1.894763870371376502e-01
7.195833333333333940e+03 1.754446450278323022e+00 1.761643194711445815e-01
7.200000000000000000e+03 1.468095607180796458e+00 1.510823438605419233e-01
7.204166666666666970e+03 1.786658384698866842e+00 1.340462294315828695e-01
7.208333333333333940e+03 1.649155870238218080e+00 1.604951426233047207e-01
7.212500000000000000e+03 1.591389402891884686e+00 1.626884361648278654e-01
7.216666666666666970e+03 2.009508693421087511e+00 1.634998247135450444e-01
7.220833333333333940e+03 1.697518674104094183e+00 1.615188103591521096e-01
7.225000000000000000e+03 1.889791592985496926e+00 1.618078362400004189e-01
7.229166666666666970e+03 1.777201561101039218e+00 1.529132195921870663e-01
7.233333333333333940e+03 1.783586968597209221e+00 1.473116915742891386e-01
7.237500000000000000e+03 1.694187134709673082e+00 1.376124991306643675e-01
7.241666666666666970e+03 1.628013110936520125e+00 1.300871425933698977e-01
7.245833333333333940e+03 1.650872993641043784e+00 1.314310097157856405e-01
7.250000000000000000e+03 1.691610675428968147e+00 1.423785875176173665e-01
7.254166666666666970e+03 1.486844612847897373e+00 1.332606467650843118e-01
7.258333333333333940e+03 1.549978703695699345e+00 1.312020599287422040e-01
7.262500000000000000e+03 1.639178800054863494e+00 1.281229536741834707e-01
7.266666666666666970e+03 1.636760272773336355e+00 1.292468514565678905e-01
7.270833333333333940e+03 1.668679568489521259e+00 1.328270047202829707e-01
7.275000000000000000e+03 1.279744666278976206e+00 1.271903807025677180e-01
7.279166666666666970e+03 1.693434635184178694e+00 1.318251171490280593e-01
7.283333333333333940e+03 1.420603493780975946e+00 1.344077698414654631e-01
7.287500000000000000e+03 1.535489733065244833e+00 1.340777126078895598e-01
7.291666666666666970e+03 1.584202464694004941e+00 1.352630283899542429e-01
7.295833333333333940e+03 1.706288028999618511e+00 1.358878920219953879e-01
7.300000000000000000e+03 1.897963283648838262e+00 2.171795177164478341e-01
7.304166666666666970e+03 1.594697716992309111e+00 1.714554685309524207e-01
7.308333333333333940e+03 1.377366254241358279e+00 1.640068070756116603e-01
7.312500000000000000e+03 1.457290168178224876e+00 1.600568555197040554e-01
7.316666666666666970e+03 1.379841554463766329e+00 1.612266877724375658e-01
7.320833333333333940e+03 1.523515803715814965e+00 1.376632334951061187e-01
7.325000000000000000e+03 1.317842922433582586e+00 1.619360914746268143e-01
7.329166666666666970e+03 1.567518961839680758e+00 1.382196599275035409e-01
7.333333333333333940e+03 1.571047658174252071e+00 1.401092182353138038e-01
7.337500000000000000e+03 1.388012212891818864e+00 1.370401762748202912e-01
7.341666666666666970e+03 1.373696141672229087e+00 1.483575007570800963e-01
7.345833333333333940e+03 1.430854106315847973e+00 1.388860710299166523e-01
7.350000000000000000e+03 1.417395822621204227e+00 1.851069350598844865e-01
7.354166666666666970e+03 1.172150291909688224e+00 2.477258888868388020e-01
7.358333333333333940e+03 1.498837122432524538e+00 2.106148625623873449e-01
7.362500000000000000e+03 1.517607805040688929e+00 2.613493818394458934e-01
7.366666666666666970e+03 1.384177458794135118e+00 1.735572544141284201e-01
7.370833333333333940e+03 1.280821803802780767e+00 1.741352029522961475e-01
7.375000000000000000e+03 1.274568006305925483e+00 1.922375132109988283e-01
7.379166666666666970e+03 1.658916171010936580e+00 1.662878922284424521e-01
7.383333333333333940e+03 1.521597394431684291e+00 1.672805929056275231e-01
7.387500000000000000e+03 1.441540838260213953e+00 1.795490705947004328e-01
7.391666666666666970e+03 1.655579986557716099e+00 1.732052621806667303e-01
7.395833333333333940e+03 1.380476379166343692e+00 1.513651247178933457e-01
7.400000000000000000e+03 1.356659098231510097e+00 1.481476989346428852e-01
7.404166666666666970e+03 1.446842398703203081e+00 1.872434556605267475e-01
7.408333333333333940e+03 1.641541070513154121e+00 1.547386760885663126e-01
7.412500000000000000e+03 1.589636151253953189e+00 1.530750224736976972e-01
7.416666666666666970e+03 1.609104624917308435e+00 1.473456005035243821e-01
7.420833333333333940e+03 1.776184293223981969e+00 1.732900603096370618e-01
7.425000000000000000e+03 1.387098168543636323e+00 1.482184070519218244e-01
7.429166666666666970e+03 1.466193197543641302e+00 1.381822930100510272e-01
7.433333333333333940e+03 1.357105023876247429e+00 1.804718889428375272e-01
7.437500000000000000e+03 1.542866602556253408e+00 1.434184097357335819e-01
7.441666666666666970e+03 1.342285737953395008e+00 1.431644798547025699e-01
7.445833333333333940e+03 1.406762766911852758e+00 1.399659439772361347e-01
7.450000000000000000e+03 1.393600734745078729e+00 1.354301472832018793e-01
7.454166666666666970e+03 1.569839426768777191e+00 1.567511220075015199e-01
7.458333333333333940e+03 1.238947372903127064e+00 1.275706561829410002e-01
7.462500000000000000e+03 1.481850142403309478e+00 1.354481081772260231e-01
7.466666666666666970e+03 1.617526632638170314e+00 1.590653935248654560e-01
7.470833333333333940e+03 1.571998346875185248e+00 1.303552657096211376e-01
7.475000000000000000e+03 1.797559821583291972e+00 1.413875900286587217e-01
7.479166666666666970e+03 1.412373997941464898e+00 1.291142092219642878e-01
7.483333333333333940e+03 1.700033199267474426e+00 1.418539023203488070e-01
7.487500000000000000e+03 1.623662755312108796e+00 1.367642597821390194e-01
7.491666666666666970e+03 1.225874061359420564e+00 1.493508207754383754e-01
7.495833333333333940e+03 1.461715360861070012e+00 1.278658238637573608e-01
7.500000000000000000e+03 1.553632300500208396e+00 1.574663578390722296e-01
7.504166666666666970e+03 1.419524807904238628e+00 1.233582071931058066e-01
7.508333333333333940e+03 1.568976994185031781e+00 1.239059628490777887e-01
7.512500000000000000e+03 1.519917431499253624e+00 1.221353696582953008e-01
7.516666666666666970e+03 1.684643087229946490e+00 1.301235288872981122e-01
7.520833333333333940e+03 1.398827974247278005e+00 1.224379694331905882e-01
7.525000000000000000e+03 1.592288479828380510e+00 1.321087754063749176e-01
7.529166666666666970e+03 1.781240181668249711e+00 1.292181037037763436e-01
7.533333333333333940e+03 1.624246484367893428e+00 1.412624314998985331e-01
7.537500000000000000e+03 1.562654036923830647e+00 1.292048394803159972e-01
7.541666666666666970e+03 1.500914495951121586e+00 1.568799965833012067e-01
7.545833333333333940e+03 1.654863615267327726e+00 1.295935276782925194e-01
7.550000000000000000e+03 1.752700424287412684e+00 1.268071117398571201e-01
7.554166666666666970e+03 1.565248560322088700e+00 1.329137640963018729e-01
7.558333333333333940e+03 1.680393890663831824e+00 1.354538370830785654e-01
7.562500000000000000e+03 1.606279396932016379e+00 1.268429819161409622e-01
7.566666666666666970e+03 1.576467925675446358e+00 1.263826049773611460e-01
7.570833333333333940e+03 1.594345724758847282e+00 1.307168061195037034e-01
7.575000000000000000e+03 1.653041719982694557e+00 1.358553766103999527e-01
7.579166666666666970e+03 1.719278710108461006e+00 1.417985745088721217e-01
7.583333333333333940e+03 1.414336793343011545e+00 1.359800706332802422e-01
7.587500000000000000e+03 1.594262113700459116e+00 1.441527419201460436e-01
7.591666666666666970e+03 1.610515690557021262e+00 1.323702406050137614e-01
7.595833333333333940e+03 1.622701228140643659e+00 1.336726118688220111e-01
7.600000000000000000e+03 1.680847041955590537e+00 1.343511001241133873e-01
7.604166666666666970e+03 1.476120720433136357e+00 1.345844885228984211e-01
7.608333333333333940e+03 1.477166374780634062e+00 1.353932964833937380e-01
7.612500000000000000e+03 1.547284569592077608e+00 1.411638014180590650e-01
7.616666666666666970e+03 1.406236843032237838e+00 1.410387461128277398e-01
7.620833333333333940e+03 1.625626582948944021e+00 1.443970204012272884e-01
7.625000000000000000e+03 1.671499635298369757e+00 1.591759975360543811e-01
7.629166666666666970e+03 1.450936759976005908e+00 1.570404575589364748e-01
7.633333333333333940e+03 1.598527309913549077e+00 1.768904453850115022e-01
7.637500000000000000e+03 1.700344934324675039e+00 1.526552123817655204e-01
7.641666666666666970e+03 1.640615671576794998e+00 1.565360557850917211e-01
7.645833333333333940e+03 1.430133089966660220e+00 1.534454917188279033e-01
7.650000000000000000e+03 1.721346793509459516e+00 1.625052144010758204e-01
7.654166666666666970e+03 1.450540381625128106e+00 1.581456718825946239e-01
7.658333333333333940e+03 1.577227134730317726e+00 1.610809877614313435e-01
7.662500000000000000e+03 1.526838569110281929e+00 1.632568365265747168e-01
7.666666666666666970e+03 1.510027069080153383e+00 1.615230941356003702e-01
7.670833333333333940e+03 1.701343621966534769e+00 1.594238372288818151e-01
7.675000000000000000e+03 1.934989563456083861e+00 1.627400479292650526e-01
7.679166666666666970e+03 1.512542626478822427e+00 1.735936407080566624e-01
7.683333333333333940e+03 1.699573854563983355e+00 1.655456118323066772e-01
7.687500000000000000e+03 1.447630510346158861e+00 1.853831096113879306e-01
7.691666666666666970e+03 1.623368052137172501e+00 1.666392135089664606e-01
7.695833333333333940e+03 1.608198322333791230e+00 1.686163053692621983e-01
7.700000000000000000e+03 1.916438230846777335e+00 1.785096612706997266e-01
7.704166666666666970e+03 1.455552916187268897e+00 1.714415333545543929e-01
7.708333333333333940e+03 1.620715207445100559e+00 1.836556122439104988e-01
7.712500000000000000e+03 1.395762751557352743e+00 1.740431275645402120e-01
7.716666666666666970e+03 1.527315977931325897e+00 1.753943751692704778e-01
7.720833333333333940e+03 1.377861727179955365e+00 1.794709303833425251e-01
7.725000000000000000e+03 1.480242952058735462e+00 1.732145006865009884e-01
7.729166666666666970e+03 1.204167391919481522e+00 1.716639284475142690e-01
7.733333333333333940e+03 1.288480989645260921e+00 1.725988755602941016e-01
7.737500000000000000e+03 1.514589549056401641e+00 1.885114534892197991e-01
7.741666666666666970e+03 1.420250469312225539e+00 1.799553067925856176e-01
7.745833333333333940e+03 1.334756097639652195e+00 1.921206125645485985e-01
7.750000000000000000e+03 1.627361254351678443e+00 2.519613051118484992e-01
7.754166666666666970e+03 1.950488576316574019e+00 3.335770526869665242e-01
7.758333333333333940e+03 2.111306189244082532e+00 4.142898524432558349e-01
7.762500000000000000e+03 1.317244742083755416e+00 3.231326895883975259e-01
7.766666666666666970e+03 1.481961623814493922e+00 2.896386157157048724e-01
7.770833333333333940e+03 1.451466296679131407e+00 3.116618717187014664e-01
7.775000000000000000e+03 1.144913525133832488e+00 2.579210187749406136e-01
7.779166666666666970e+03 1.313541081867742211e+00 2.375364362928250594e-01
7.783333333333333940e+03 1.332799495649838128e+00 2.559393334676099419e-01
7.787500000000000000e+03 8.713491870050351640e-01 2.119050534497884108e-01
7.791666666666666970e+03 1.540304594569591012e+00 2.678587607937941151e-01
7.795833333333333940e+03 1.127147826802789243e+00 2.150276684217677370e-01
7.800000000000000000e+03 1.099326866465269115e+00 2.253561631091752782e-01
7.804166666666666970e+03 1.196215980266758017e+00 2.175147877382318518e-01
7.808333333333333940e+03 1.309133953302449749e+00 2.276541769207414967e-01
7.812500000000000000e+03 2.101811689058215471e+00 4.541456956240063070e-01
7.816666666666666970e+03 1.066738217776098230e+00 2.190054903304714251e-01
7.820833333333333940e+03 1.475139580791185345e+00 2.745425359001756882e-01
7.825000000000000000e+03 1.391703486284367131e+00 2.122264399069388463e-01
7.829166666666666970e+03 1.770846604545886827e+00 2.238616412463673710e-01
7.833333333333333940e+03 1.352072360725976363e+00 2.420147890930406664e-01
7.837500000000000000e+03 1.178422772865269863e+00 2.168270609771062174e-01
7.841666666666666970e+03 1.286125428716347274e+00 1.952085960425905820e-01
7.845833333333333940e+03 1.594078375819062643e+00 2.030816094251339798e-01
7.850000000000000000e+03 1.722257741151776100e+00 2.759373954458553269e-01
7.854166666666666970e+03 1.455702074186492334e+00 2.052385682844933557e-01
7.858333333333333940e+03 1.339347996321629486e+00 1.846319003800045433e-01
7.862500000000000000e+03 1.763464573878434472e+00 2.040388528201506901e-01
7.866666666666666970e+03 1.593967410525522821e+00 3.116656393775053546e-01
7.870833333333333940e+03 1.423286273296421545e+00 1.945085340697643994e-01
7.875000000000000000e+03 1.750874400061624536e+00 2.127310481278413268e-01
7.879166666666666970e+03 1.192421122062984340e+00 1.888595748403487096e-01
7.883333333333333940e+03 1.343093978184481507e+00 2.351929009050252317e-01
7.887500000000000000e+03 1.444707736126080500e+00 1.768846132556301243e-01
7.891666666666666970e+03 1.305723447908439860e+00 1.755312495685579233e-01
7.895833333333333940e+03 1.831649908111704805e+00 2.453503025933234383e-01
7.900000000000000000e+03 1.246147988218582636e+00 1.954240751591158620e-01
7.904166666666666970e+03 1.400114655534697494e+00 1.801268126858104335e-01
7.908333333333333940e+03 1.467274980126245021e+00 1.871209293317528388e-01
7.912500000000000000e+03 1.112910566747495222e+00 1.662571832286023343e-01
7.916666666666666970e+03 1.235812061437095988e+00 1.858849824087752400e-01
7.920833333333333940e+03 1.310441795413288313e+00 2.073853596262585641e-01
7.925000000000000000e+03 1.551670021216306150e+00 1.755368752508815744e-01
7.929166666666666970e+03 1.505567812632779612e+00 1.759713430839139059e-01
7.933333333333333940e+03 1.488814633896465178e+00 2.540145243246891282e-01
7.937500000000000000e+03 1.535188836478575958e+00 1.765392789397808304e-01
7.941666666666666970e+03 1.138961088729526061e+00 1.867737886041482276e-01
7.945833333333333940e+03 1.282748987086865577e+00 1.989432233172661879e-01
7.950000000000000000e+03 1.308074879896198528e+00 1.745489228560247463e-01
7.954166666666666970e+03 1.265729491646055305e+00 1.667552367554212822e-01
7.958333333333333940e+03 1.502601684530573856e+00 1.975730341949874513e-01
7.962500000000000000e+03 1.278401212050676250e+00 1.962524955900973311e-01
7.966666666666666970e+03 1.629039152813531510e+00 1.936088377920952008e-01
7.970833333333333940e+03 1.514883736113693535e+00 2.153135975967498394e-01
7.975000000000000000e+03 1.386005547490500645e+00 2.242611679148756865e-01
7.979166666666666970e+03 1.347313756044866695e+00 1.858730600911902564e-01
7.983333333333333940e+03 1.341946648661042518e+00 1.778500629211923478e-01
7.987500000000000000e+03 1.336988306451561082e+00 1.822729330746379883e-01
7.991666666666666970e+03 9.191896798148068148e-01 1.817508284655912909e-01
7.995833333333333940e+03 1.437926982514321494e+00 1.859460907378689132e-01
8.000000000000000000e+03 1.134239076789402612e+00 1.820231321347619557e-01
8.004166666666666970e+03 1.422939958357048118e+00 2.020200586541897048e-01
8.008333333333333940e+03 1.247614278446243397e+00 2.126837201398524280e-01
8.012500000000000000e+03 1.563335828332045985e+00 2.005473169559742752e-01
8.016666666666666970e+03 1.095214750745499899e+00 2.546137885215694063e-01
8.020833333333333940e+03 1.282302029206839444e+00 2.096114782499637896e-01
8.025000000000000000e+03 1.566497565021468530e+00 2.170125536584934789e-01
8.029166666666666970e+03 1.400906380001164075e+00 1.995988991726763417e-01
8.033333333333333940e+03 1.653542354097735645e+00 2.021775777592520473e-01
8.037500000000000000e+03 1.189085144056821752e+00 1.970419491389286959e-01
8.041666666666666970e+03 1.506584564392192238e+00 2.111645278536435077e-01
8.045833333333333940e+03 1.456124258419588369e+00 2.269606696419989023e-01
8.050000000000000000e+03 1.446499180469695389e+00 2.314015523012331321e-01
8.054166666666666970e+03 1.447565995640612391e+00 2.185576550504498561e-01
8.058333333333333940e+03 1.411996199825784615e+00 2.857110120537986186e-01
8.062500000000000000e+03 1.353831289657996040e+00 2.391237044963266112e-01
8.066666666666666970e+03 1.222257005684132869e+00 3.264567968887396865e-01
8.070833333333333940e+03 1.677696143736699730e+00 2.581150790092244796e-01
8.075000000000000000e+03 1.050136829238993652e+00 2.632775457470551417e-01
8.079166666666666970e+03 1.235891440330800561e+00 2.444370324216072476e-01
8.083333333333333940e+03 1.761008370008868340e+00 3.238596412904953814e-01
8.087500000000000000e+03 1.360734879269115627e+00 2.511944059040762123e-01
8.091666666666666970e+03 1.295720571842866597e+00 2.890874020715156201e-01
8.095833333333333940e+03 1.145370444084395256e+00 2.594887261197204587e-01
8.100000000000000000e+03 1.625912512123926179e+00 3.684475090936703556e-01
8.104166666666666970e+03 1.142524210110977156e+00 2.804055291167124042e-01
8.108333333333333940e+03 1.013097181984758954e+00 2.694858216676767615e-01
8.112500000000000000e+03 1.982959601794592963e+00 3.114070644376750185e-01
8.116666666666666970e+03 1.546564069360534033e+00 3.042604350278206859e-01
8.120833333333333940e+03 1.241802535711792999e+00 3.110019120868430242e-01
8.125000000000000000e+03 1.655964494202773363e+00 2.701285429702132146e-01
8.129166666666666970e+03 6.838185273589448832e-01 2.692479946571501581e-01
8.133333333333333940e+03 1.364497376896587344e+00 2.713802830931085763e-01
8.137500000000000000e+03 1.225811507900922415e+00 2.728713985794636310e-01
8.141666666666666970e+03 1.377800825297919252e+00 2.760224000218833851e-01
8.145833333333333940e+03 9.938250910850872089e-01 2.766087096658900180e-01
8.150000000000000000e+03 1.349434999563235538e+00 2.831505524200692014e-01
8.154166666666666970e+03 1.331325463657511587e+00 2.890037394013629246e-01
8.158333333333333940e+03 1.888355237581209600e+00 5.054270415452768450e-01
8.162500000000000000e+03 1.302798093100139498e+00 3.338354727915036069e-01
8.166666666666666970e+03 8.070497541280058362e-01 3.725738696604242728e-01
8.170833333333333940e+03 1.409671089837888802e+00 3.084731420764780796e-01
8.175000000000000000e+03 1.056550055476195515e+00 3.542621704733999177e-01
8.179166666666666970e+03 1.082950660056404057e+00 3.290785196868559748e-01
8.183333333333333940e+03 1.139104982328777105e+00 3.174351120768819645e-01
8.187500000000000000e+03 1.075049518262242154e+00 3.115612287780489265e-01
8.191666666666666970e+03 9.593046140530320232e-01 3.202833589091131361e-01
8.195833333333333940e+03 1.109575156470741231e+00 3.106206559829454150e-01
8.200000000000000000e+03 8.847234467471750685e-01 3.030081271755165062e-01
8.204166666666667879e+03 5.918269932366654329e-01 3.173369465009223678e-01
8.208333333333333940e+03 1.269392894685807738e+00 3.799477972808600335e-01
8.212500000000000000e+03 6.545555188395199009e-01 3.106148754653284549e-01
8.216666666666667879e+03 1.014411940072032170e+00 3.120690369283465326e-01
8.220833333333333940e+03 1.107885026020716257e+00 3.872993770072944986e-01
8.225000000000000000e+03 1.478296156304164333e+00 5.175524514233298401e-01
8.229166666666667879e+03 8.963383130514153141e-01 4.484335635949194820e-01
8.233333333333333940e+03 3.076282058808766928e-01 3.684365673996096713e-01
8.237500000000000000e+03 9.019352476222783910e-01 4.005184401737716948e-01
8.241666666666667879e+03 6.557787692684459158e-01 3.701250978849369710e-01
8.245833333333333940e+03 1.526742055110783980e+00 5.013954401780297276e-01
8.250000000000000000e+03 6.852901645654012608e-01 3.715283701482199885e-01
8.254166666666667879e+03 1.113894751483547996e+00 3.576891400202654170e-01
8.258333333333333940e+03 7.711193727209374460e-01 3.810169349811765582e-01
8.262500000000000000e+03 9.359541099157684396e-01 5.925835700915503823e-01
8.266666666666667879e+03 6.439130181772764194e-01 3.658567533542163575e-01
8.270833333333333940e+03 1.060425066750140255e+00 3.521002568846545722e-01
8.275000000000000000e+03 1.445929902707953296e+00 3.490058219360579472e-01
8.279166666666667879e+03 1.027708678943987319e+00 3.573574312102275052e-01
8.283333333333333940e+03 1.244397936510046154e+00 4.740273214616813058e-01
8.287500000000000000e+03 1.793448428428224828e+00 7.348498504097522588e-01
8.291666666666667879e+03 1.278577724285051342e+00 4.900148912843342863e-01
8.295833333333333940e+03 1.247633374799085315e+00 5.254201487941363435e-01
8.300000000000000000e+03 1.249671007259065769e+00 5.830864893174615426e-01
