 3950.0000  3.855563E-19  2.555232E-18
 3955.0000 -3.770462E-19  2.516706E-18
 3960.0000 -1.811458E-18  2.450030E-18
 3965.0000  1.159445E-19  2.254583E-18
 3970.0000  7.719310E-19  2.145333E-18
 3975.0000 -1.312265E-18  2.501663E-18
 3980.0000  3.499432E-18  2.785811E-18
 3985.0000  8.535893E-19  2.765511E-18
 3990.0000 -4.082794E-18  2.869249E-18
 3995.0000  6.796199E-18  3.020161E-18
 4000.0000  4.448883E-18  3.038203E-18
 4005.0000  6.053251E-19  2.966312E-18
 4010.0000 -6.034905E-19  3.113161E-18
 4015.0000 -9.119956E-19  3.141354E-18
 4020.0000 -1.908259E-18  3.140998E-18
 4025.0000 -2.437525E-19  3.167231E-18
 4030.0000 -2.402539E-18  3.096654E-18
 4035.0000  4.125254E-18  3.139412E-18
 4040.0000 -3.003336E-18  3.163520E-18
 4045.0000  2.494980E-18  3.961036E-18
 4050.0000  1.602492E-18  3.925646E-18
 4055.0000  2.161806E-19  3.609797E-18
 4060.0000  3.603294E-19  3.501980E-18
 4065.0000  2.799505E-18  3.287597E-18
 4070.0000  1.296873E-18  3.225519E-18
 4075.0000  2.193845E-18  3.156781E-18
 4080.0000 -1.175217E-18  3.044954E-18
 4085.0000 -9.152301E-19  2.933902E-18
 4090.0000 -2.475374E-18  2.904929E-18
 4095.0000  3.099425E-18  2.811847E-18
 4100.0000  3.446153E-18  2.600049E-18
 4105.0000  3.216231E-18  2.647950E-18
 4110.0000  2.322976E-18  2.642312E-18
 4115.0000  2.323386E-18  2.688300E-18
 4120.0000 -2.126354E-18  2.575247E-18
 4125.0000  1.756608E-18  2.604056E-18
 4130.0000  2.323959E-18  2.504018E-18
 4135.0000  4.205873E-18  2.539724E-18
 4140.0000  3.251349E-18  2.594310E-18
 4145.0000  4.016158E-18  2.447208E-18
 4150.0000  1.581866E-18  2.468214E-18
 4155.0000  4.599455E-18  2.492209E-18
 4160.0000 -2.124114E-19  2.510686E-18
 4165.0000 -1.610280E-18  2.541841E-18
 4170.0000  1.068282E-18  2.529972E-18
 4175.0000  2.613978E-18  2.485767E-18
 4180.0000  1.659792E-18  2.502194E-18
 4185.0000  3.004254E-18  2.503386E-18
 4190.0000  8.127855E-19  2.508704E-18
 4195.0000 -4.251483E-19  2.544522E-18
 4200.0000  3.095729E-19  2.445242E-18
 4205.0000  5.536019E-19  2.571087E-18
 4210.0000  3.592839E-19  2.630037E-18
 4215.0000 -2.533096E-19  2.592233E-18
 4220.0000  3.393357E-18  2.676636E-18
 4225.0000  1.183050E-18  2.465726E-18
 4230.0000  2.977579E-18  2.690626E-18
 4235.0000  4.177341E-19  2.598382E-18
 4240.0000 -3.577926E-18  2.604260E-18
 4245.0000  1.591217E-18  2.670139E-18
 4250.0000 -5.819697E-19  2.605458E-18
 4255.0000  1.613390E-18  2.669152E-18
 4260.0000 -9.280084E-19  2.560006E-18
 4265.0000 -1.575378E-18  2.690594E-18
 4270.0000  9.982423E-19  2.527349E-18
 4275.0000  1.975992E-18  2.579188E-18
 4280.0000 -1.970059E-18  3.104673E-18
 4285.0000  1.230988E-18  2.948733E-18
 4290.0000  1.737921E-18  2.780643E-18
 4295.0000 -2.204101E-19  2.687956E-18
 4300.0000  1.777138E-18  2.430453E-18
 4305.0000  1.292549E-18  2.360828E-18
 4310.0000  1.083497E-18  2.244718E-18
 4315.0000  2.649237E-18  2.468826E-18
 4320.0000  1.977444E-18  2.486970E-18
 4325.0000  2.100139E-18  2.163881E-18
 4330.0000  3.003229E-18  2.334864E-18
 4335.0000  1.701836E-18  2.260426E-18
 4340.0000  1.433099E-18  2.009783E-18
 4345.0000  1.592965E-18  2.159156E-18
 4350.0000  3.704612E-18  2.102712E-18
 4355.0000  1.531783E-18  2.084426E-18
 4360.0000  1.986541E-18  2.159664E-18
 4365.0000  2.723344E-18  2.100717E-18
 4370.0000  1.474171E-18  2.044954E-18
 4375.0000  3.313825E-18  2.028861E-18
 4380.0000 -1.395756E-19  2.045113E-18
 4385.0000  2.479005E-18  1.851609E-18
 4390.0000 -3.689330E-19  1.937186E-18
 4395.0000  8.435129E-19  1.991222E-18
 4400.0000  2.885075E-18  2.014132E-18
 4405.0000  1.950114E-18  1.981619E-18
 4410.0000  2.304948E-18  2.085028E-18
 4415.0000  1.749729E-18  2.052297E-18
 4420.0000  3.119152E-18  2.139032E-18
 4425.0000 -4.421918E-19  2.071802E-18
 4430.0000  7.738416E-19  2.126393E-18
 4435.0000  4.711422E-19  2.078736E-18
 4440.0000 -2.013919E-18  2.127648E-18
 4445.0000  2.952828E-18  2.166119E-18
 4450.0000  1.569485E-18  2.192490E-18
 4455.0000 -6.337822E-19  2.118218E-18
 4460.0000  2.286795E-18  2.159402E-18
 4465.0000 -4.808792E-19  2.233667E-18
 4470.0000  2.488398E-19  2.250016E-18
 4475.0000  3.709592E-19  2.307078E-18
 4480.0000  2.059900E-18  2.264648E-18
 4485.0000  2.480547E-18  2.363588E-18
 4490.0000 -2.916230E-18  2.285600E-18
 4495.0000  7.968887E-19  2.346347E-18
 4500.0000  7.490141E-19  2.375046E-18
 4505.0000  2.231567E-18  2.451257E-18
 4510.0000  3.317424E-18  3.978527E-18
 4515.0000  1.263491E-19  3.695031E-18
 4520.0000 -3.940202E-18  3.494400E-18
 4525.0000 -1.359924E-18  3.337887E-18
 4530.0000  2.363500E-19  3.164818E-18
 4535.0000  1.231702E-18  3.078632E-18
 4540.0000 -4.714758E-19  3.007862E-18
 4545.0000 -1.239542E-18  2.857682E-18
 4550.0000 -8.517013E-19  2.719180E-18
 4555.0000  1.107698E-18  2.650220E-18
 4560.0000  3.735410E-18  2.654034E-18
 4565.0000  1.704282E-18  2.496863E-18
 4570.0000  1.337634E-18  2.440435E-18
 4575.0000  8.073516E-19  2.392083E-18
 4580.0000  2.016335E-18  2.315105E-18
 4585.0000 -6.869584E-19  2.226351E-18
 4590.0000  1.809523E-19  2.196957E-18
 4595.0000 -6.545161E-19  2.122968E-18
 4600.0000 -2.509017E-18  2.075048E-18
 4605.0000  5.415760E-18  2.107682E-18
 4610.0000  4.526220E-18  2.099362E-18
 4615.0000  9.421366E-19  2.016741E-18
 4620.0000  4.833561E-18  2.024157E-18
 4625.0000  7.029400E-19  1.961064E-18
 4630.0000  2.661068E-18  1.950244E-18
 4635.0000  8.147606E-19  1.923334E-18
 4640.0000 -9.044035E-20  1.897763E-18
 4645.0000 -1.072154E-19  1.863387E-18
 4650.0000  2.487499E-18  1.878947E-18
 4655.0000  1.110335E-18  1.857034E-18
 4660.0000 -3.367957E-19  1.912532E-18
 4665.0000  1.369445E-19  1.817745E-18
 4670.0000  2.175996E-18  1.830200E-18
 4675.0000  1.473528E-18  1.870945E-18
 4680.0000  2.922984E-18  1.836066E-18
 4685.0000  3.295531E-18  1.883330E-18
 4690.0000  3.395705E-19  1.831587E-18
 4695.0000  4.479424E-19  1.862152E-18
 4700.0000  1.698937E-18  1.837683E-18
 4705.0000 -1.226225E-18  1.792048E-18
 4710.0000  4.095785E-19  1.839549E-18
 4715.0000 -2.137892E-19  1.849786E-18
 4720.0000  8.573744E-19  1.893495E-18
 4725.0000  3.151372E-18  1.916754E-18
 4730.0000  1.767326E-18  1.862164E-18
 4735.0000  4.625258E-19  1.876972E-18
 4740.0000  1.079086E-18  1.910868E-18
 4745.0000  3.606710E-18  1.954626E-18
 4750.0000  1.814650E-18  1.919470E-18
 4755.0000  5.377655E-20  1.909692E-18
 4760.0000 -1.715537E-18  1.916393E-18
 4765.0000  3.521720E-19  1.909062E-18
 4770.0000  4.882625E-19  1.940989E-18
 4775.0000 -7.409308E-20  1.961206E-18
 4780.0000  2.012376E-18  1.992121E-18
 4785.0000 -2.813991E-18  1.925548E-18
 4790.0000  1.021959E-18  3.269384E-18
 4795.0000  1.843850E-18  3.160795E-18
 4800.0000  4.982308E-18  3.010099E-18
 4805.0000  6.580847E-19  2.866662E-18
 4810.0000  1.311532E-18  2.749142E-18
 4815.0000  2.447202E-18  2.700020E-18
 4820.0000  1.653071E-18  2.614686E-18
 4825.0000  3.938989E-18  2.507948E-18
 4830.0000 -1.777423E-19  2.375481E-18
 4835.0000 -6.857626E-19  2.304670E-18
 4840.0000  4.741301E-19  2.213423E-18
 4845.0000  1.881693E-18  2.182509E-18
 4850.0000  1.841998E-18  2.105608E-18
 4855.0000 -8.427466E-19  1.961010E-18
 4860.0000  1.270747E-18  1.874200E-18
 4865.0000  3.138649E-19  1.857584E-18
 4870.0000  2.341458E-18  1.844786E-18
 4875.0000  1.390526E-18  1.824494E-18
 4880.0000  2.992977E-18  1.825860E-18
 4885.0000  1.711636E-18  1.742516E-18
 4890.0000 -9.074831E-19  1.659336E-18
 4895.0000 -7.550149E-19  1.713335E-18
 4900.0000  3.338354E-18  1.703334E-18
 4905.0000  2.772882E-19  1.632306E-18
 4910.0000  1.709047E-18  1.606423E-18
 4915.0000 -1.416435E-19  1.607048E-18
 4920.0000 -1.425013E-19  1.493432E-18
 4925.0000  2.424536E-18  1.568864E-18
 4930.0000  2.354226E-18  1.578414E-18
 4935.0000  2.367778E-18  1.529895E-18
 4940.0000  1.536852E-18  1.497968E-18
 4945.0000  3.679663E-18  1.537108E-18
 4950.0000  1.552947E-18  1.523743E-18
 4955.0000  1.207723E-18  1.474046E-18
 4960.0000 -2.314644E-21  1.459448E-18
 4965.0000  9.395389E-19  1.492432E-18
 4970.0000  2.916188E-18  1.496748E-18
 4975.0000  1.328573E-18  1.499813E-18
 4980.0000  4.355023E-19  1.452733E-18
 4985.0000  2.238406E-19  1.427217E-18
 4990.0000 -6.480636E-19  1.456439E-18
 4995.0000  1.192870E-18  1.481655E-18
 5000.0000  1.478365E-18  1.462088E-18
 5005.0000 -1.302760E-18  1.423188E-18
 5010.0000  5.931834E-19  1.470453E-18
 5015.0000  1.466287E-18  1.451602E-18
 5020.0000  1.562368E-18  1.464481E-18
 5025.0000  5.882301E-20  1.489551E-18
 5030.0000  1.998376E-20  1.505383E-18
 5035.0000  3.483697E-18  1.546094E-18
 5040.0000  1.971044E-18  1.498239E-18
 5045.0000  1.335152E-19  1.575583E-18
 5050.0000  3.469848E-19  1.526219E-18
 5055.0000  4.360370E-19  1.561240E-18
 5060.0000  1.252033E-18  1.576483E-18
 5065.0000  2.853820E-18  1.581295E-18
 5070.0000  1.566814E-18  1.587893E-18
 5075.0000 -5.074977E-19  1.577445E-18
 5080.0000  2.081206E-18  1.579209E-18
 5085.0000  3.163359E-19  1.598518E-18
 5090.0000 -3.486790E-19  1.619358E-18
 5095.0000 -3.539890E-19  1.621908E-18
 5100.0000 -4.298716E-19  1.618240E-18
 5105.0000 -5.861102E-19  1.631971E-18
 5110.0000  9.786113E-19  1.653547E-18
 5115.0000  1.827465E-19  3.029911E-18
 5120.0000  2.615539E-18  2.940232E-18
 5125.0000 -2.689361E-18  2.704743E-18
 5130.0000  1.654396E-18  2.676031E-18
 5135.0000  1.949567E-18  2.601698E-18
 5140.0000  9.403240E-19  2.465850E-18
 5145.0000 -1.430666E-18  2.364200E-18
 5150.0000  1.327510E-18  2.324183E-18
 5155.0000  1.018944E-18  2.238037E-18
 5160.0000  8.457871E-19  2.177644E-18
 5165.0000  2.947628E-19  2.021119E-18
 5170.0000  4.240093E-18  1.958842E-18
 5175.0000 -1.003399E-18  1.891452E-18
 5180.0000  2.416198E-18  1.933007E-18
 5185.0000  2.276048E-18  1.776150E-18
 5190.0000  1.425082E-18  1.799049E-18
 5195.0000  3.382896E-18  1.785739E-18
 5200.0000  7.471901E-19  1.782279E-18
 5205.0000 -2.122983E-18  1.642286E-18
 5210.0000  1.861082E-18  1.649620E-18
 5215.0000  1.341176E-18  1.621032E-18
 5220.0000 -8.087855E-19  1.584602E-18
 5225.0000  2.110332E-18  1.555422E-18
 5230.0000  1.199974E-18  1.544192E-18
 5235.0000  8.890651E-19  1.491926E-18
 5240.0000  1.678361E-18  1.511073E-18
 5245.0000 -2.629691E-19  1.437498E-18
 5250.0000  4.186944E-18  1.463691E-18
 5255.0000  2.284230E-18  1.456112E-18
 5260.0000 -1.404320E-18  1.373576E-18
 5265.0000  2.407665E-18  1.350785E-18
 5270.0000  1.670614E-18  1.350436E-18
 5275.0000  1.113079E-18  1.361383E-18
 5280.0000  2.351051E-18  1.362217E-18
 5285.0000  5.454456E-19  1.352033E-18
 5290.0000  2.381040E-18  1.366991E-18
 5295.0000  6.711448E-19  1.352650E-18
 5300.0000  2.153753E-18  1.336533E-18
 5305.0000  3.004835E-18  1.373307E-18
 5310.0000  8.724744E-19  1.346588E-18
 5315.0000  2.575810E-18  1.346121E-18
 5320.0000  2.526829E-19  1.335049E-18
 5325.0000  7.046538E-19  1.315033E-18
 5330.0000  3.234606E-18  1.324161E-18
 5335.0000  4.709624E-19  1.335013E-18
 5340.0000  8.140565E-19  1.313428E-18
 5345.0000  2.548884E-18  1.347835E-18
 5350.0000  1.198507E-18  1.332269E-18
 5355.0000  4.457319E-19  1.347927E-18
 5360.0000  1.682634E-18  1.345871E-18
 5365.0000  1.761821E-18  1.340210E-18
 5370.0000  1.997891E-18  1.318325E-18
 5375.0000  4.665361E-18  1.400610E-18
 5380.0000  1.179857E-19  1.344335E-18
 5385.0000  2.469285E-18  1.382550E-18
 5390.0000  7.482045E-19  1.364562E-18
 5395.0000  3.326775E-19  1.355300E-18
 5400.0000  1.688839E-18  1.397211E-18
 5405.0000  2.084990E-18  1.397058E-18
 5410.0000  3.025568E-18  1.439380E-18
 5415.0000  1.490683E-18  1.460113E-18
 5420.0000  3.658102E-18  1.513889E-18
 5425.0000 -7.615321E-19  1.475241E-18
 5430.0000  3.279128E-18  1.493248E-18
 5435.0000  1.505130E-18  1.457500E-18
 5440.0000  1.047491E-18  1.514611E-18
 5445.0000  1.387567E-18  1.506301E-18
 5450.0000 -2.491330E-19  1.555991E-18
 5455.0000  1.171664E-18  1.567805E-18
 5460.0000  9.184257E-19  1.683430E-18
 5465.0000  1.934395E-20  1.644164E-18
 5470.0000  5.099901E-19  1.698433E-18
 5475.0000  1.708034E-18  1.712100E-18
 5480.0000  1.928849E-18  1.763010E-18
 5485.0000 -1.689674E-18  1.755630E-18
 5490.0000  8.422174E-19  2.962372E-18
 5495.0000 -1.288355E-18  2.792143E-18
 5500.0000  1.719594E-18  2.756949E-18
 5505.0000  8.982247E-19  2.603118E-18
 5510.0000  2.463307E-18  2.539321E-18
 5515.0000  3.154573E-18  2.449390E-18
 5520.0000 -1.008312E-18  2.318801E-18
 5525.0000  3.184662E-18  2.321710E-18
 5530.0000  3.292637E-18  2.238431E-18
 5535.0000  2.347705E-18  2.177377E-18
 5540.0000  2.341554E-18  2.177600E-18
 5545.0000  2.364562E-18  2.163738E-18
 5550.0000  1.897490E-18  2.057079E-18
 5555.0000 -1.402934E-18  1.952101E-18
 5560.0000  1.088154E-18  1.970077E-18
 5565.0000  7.612461E-20  1.968814E-18
 5570.0000  2.189185E-18  1.995995E-18
 5575.0000  3.957006E-18  2.307322E-18
 5580.0000  3.220854E-18  2.163882E-18
 5585.0000  2.606174E-18  1.977555E-18
 5590.0000  4.610760E-18  1.984767E-18
 5595.0000  4.801592E-18  1.944288E-18
 5600.0000 -8.064595E-19  1.937002E-18
 5605.0000  2.074501E-18  2.283996E-18
 5610.0000  2.882534E-18  2.094698E-18
 5615.0000  3.412642E-18  1.955627E-18
 5620.0000 -3.564439E-19  1.818920E-18
 5625.0000 -2.490652E-18  1.740242E-18
 5630.0000  1.441291E-18  1.691868E-18
 5635.0000  7.528639E-19  1.604754E-18
 5640.0000  1.038803E-18  1.562128E-18
 5645.0000  1.576644E-18  1.535495E-18
 5650.0000  9.169098E-19  1.489550E-18
 5655.0000  2.640782E-19  1.452970E-18
 5660.0000  1.829951E-18  1.456985E-18
 5665.0000  2.522900E-18  1.426978E-18
 5670.0000  1.569043E-18  1.428487E-18
 5675.0000  2.557244E-18  1.442019E-18
 5680.0000  9.554106E-19  1.434344E-18
 5685.0000  1.444071E-18  1.439405E-18
 5690.0000 -1.012120E-19  1.471636E-18
 5695.0000  2.340627E-18  1.526334E-18
 5700.0000  2.834877E-19  1.543143E-18
 5705.0000  2.582071E-18  1.600992E-18
 5710.0000  2.654442E-18  1.638246E-18
 5715.0000 -3.238293E-19  1.694845E-18
 5720.0000 -7.861487E-19  1.758016E-18
 5725.0000  5.262835E-19  1.840644E-18
 5730.0000  4.247981E-18  1.904646E-18
 5735.0000  1.249465E-18  1.963123E-18
 5740.0000  1.846902E-18  2.004206E-18
 5745.0000 -4.741856E-20  2.060335E-18
 5750.0000  2.925815E-18  2.081773E-18
 5755.0000  3.690228E-18  2.110159E-18
 5760.0000  2.696871E-18  2.105182E-18
 5765.0000  5.136242E-18  2.112454E-18
 5770.0000  1.210541E-18  2.061540E-18
 5775.0000 -1.434660E-18  1.993934E-18
 5780.0000 -5.089912E-19  1.951314E-18
 5785.0000  2.359560E-19  1.836236E-18
 5790.0000  2.929176E-18  1.699649E-18
 5795.0000  4.727797E-19  1.677311E-18
 5800.0000  2.244750E-18  1.651918E-18
 5805.0000  1.473207E-19  1.601215E-18
 5810.0000  1.340225E-18  1.568788E-18
 5815.0000 -7.929300E-19  1.523956E-18
 5820.0000  1.508087E-18  1.522727E-18
 5825.0000 -4.322295E-19  1.486001E-18
 5830.0000  2.226879E-18  1.486978E-18
 5835.0000  4.167278E-18  1.487505E-18
 5840.0000  1.899667E-18  1.476605E-18
 5845.0000 -3.450419E-19  1.456470E-18
 5850.0000  2.928948E-18  1.515193E-18
 5855.0000  2.148338E-18  1.484806E-18
 5860.0000  2.127760E-18  1.490046E-18
 5865.0000  2.953739E-18  1.561741E-18
 5870.0000  2.925268E-18  1.565365E-18
 5875.0000  2.211838E-19  1.540854E-18
 5880.0000  5.239408E-18  1.579195E-18
 5885.0000  1.869986E-18  1.580772E-18
 5890.0000  1.025801E-18  1.762141E-18
 5895.0000  2.189995E-18  1.721835E-18
 5900.0000  3.023172E-18  1.649965E-18
 5905.0000  1.377468E-18  1.672769E-18
 5910.0000  7.458578E-19  1.634335E-18
 5915.0000  8.013557E-20  1.686919E-18
 5920.0000  1.578374E-18  1.668808E-18
 5925.0000  3.213190E-19  1.671832E-18
 5930.0000  1.394310E-18  1.642381E-18
 5935.0000  3.495828E-18  1.684542E-18
 5940.0000  1.775869E-18  1.612100E-18
 5945.0000  1.994701E-18  1.616786E-18
 5950.0000  1.328855E-18  1.597345E-18
 5955.0000  1.964077E-19  1.589787E-18
 5960.0000  1.418127E-18  1.525758E-18
 5965.0000  2.571657E-19  1.492051E-18
 5970.0000  1.921852E-19  1.464938E-18
 5975.0000 -6.373250E-19  1.451735E-18
 5980.0000 -5.713891E-19  1.402326E-18
 5985.0000  2.287364E-18  1.392476E-18
 5990.0000  3.488815E-18  1.376650E-18
 5995.0000 -1.111661E-18  1.324513E-18
 6000.0000  2.689380E-18  1.360108E-18
 6005.0000 -7.362601E-19  1.327438E-18
 6010.0000  1.242923E-18  1.357312E-18
 6015.0000  2.017022E-18  1.266166E-18
 6020.0000  1.618478E-18  1.242886E-18
 6025.0000 -4.079099E-19  1.199455E-18
 6030.0000  1.231626E-18  1.207010E-18
 6035.0000  8.786291E-19  1.189543E-18
 6040.0000  1.038338E-18  1.160068E-18
 6045.0000  1.160819E-18  1.152143E-18
 6050.0000  5.881216E-19  1.142148E-18
 6055.0000  6.383327E-19  1.115763E-18
 6060.0000  6.331640E-19  1.108688E-18
 6065.0000 -5.331304E-19  1.099943E-18
 6070.0000  2.228095E-18  1.125737E-18
 6075.0000  2.049009E-19  1.091472E-18
 6080.0000  4.834832E-19  1.087854E-18
 6085.0000  7.508909E-19  1.095645E-18
 6090.0000  1.325351E-18  1.105102E-18
 6095.0000  3.701238E-19  1.114776E-18
 6100.0000  1.750906E-18  1.134441E-18
 6105.0000  1.669234E-18  1.163204E-18
 6110.0000 -9.311360E-19  1.173023E-18
 6115.0000  5.861537E-19  1.219084E-18
 6120.0000 -1.821570E-19  1.185564E-18
 6125.0000  1.969634E-18  1.205959E-18
 6130.0000  5.205321E-19  1.205808E-18
 6135.0000  1.097589E-18  1.230382E-18
 6140.0000 -6.425809E-19  1.226872E-18
 6145.0000  7.056284E-19  1.270042E-18
 6150.0000 -8.311440E-20  1.259630E-18
 6155.0000  4.164629E-19  1.243065E-18
 6160.0000  1.172501E-18  1.242357E-18
 6165.0000  1.493943E-18  1.237350E-18
 6170.0000  1.559881E-18  1.262028E-18
 6175.0000  1.942464E-18  1.247352E-18
 6180.0000  3.063351E-18  1.235521E-18
 6185.0000  6.031034E-21  1.209624E-18
 6190.0000 -1.260392E-18  1.182060E-18
 6195.0000 -4.473272E-19  1.187924E-18
 6200.0000 -2.740489E-19  1.165660E-18
 6205.0000 -7.501397E-19  1.149831E-18
 6210.0000  1.484078E-18  1.142672E-18
 6215.0000  1.912298E-18  1.128777E-18
 6220.0000  2.704911E-18  1.192075E-18
 6225.0000  8.997343E-19  1.124169E-18
 6230.0000  7.399695E-19  1.090212E-18
 6235.0000  1.751782E-18  1.231833E-18
 6240.0000 -2.724069E-19  1.082211E-18
 6245.0000  1.638025E-18  1.051267E-18
 6250.0000  1.501607E-18  1.020641E-18
 6255.0000  3.864969E-19  9.989532E-19
 6260.0000 -6.179886E-19  1.032123E-18
 6265.0000 -3.872703E-19  9.989571E-19
 6270.0000  2.280911E-18  9.899244E-19
 6275.0000  8.324217E-19  9.696512E-19
 6280.0000  5.959130E-19  9.453369E-19
 6285.0000 -9.055205E-19  9.637601E-19
 6290.0000  9.394443E-19  9.775784E-19
 6295.0000 -4.254854E-19  9.495340E-19
 6300.0000  3.576930E-18  1.270532E-18
 6305.0000  1.694484E-19  1.022145E-18
 6310.0000  1.492392E-18  9.747941E-19
 6315.0000  8.895496E-19  9.642884E-19
 6320.0000  1.173486E-19  9.991323E-19
 6325.0000  1.797322E-18  1.007280E-18
 6330.0000  1.630023E-19  1.074023E-18
 6335.0000  3.931298E-19  1.019318E-18
 6340.0000  3.721992E-19  1.048931E-18
 6345.0000  1.293289E-18  1.074636E-18
 6350.0000 -9.112767E-19  1.101542E-18
 6355.0000 -3.755596E-19  1.129392E-18
 6360.0000 -9.587388E-20  1.108188E-18
 6365.0000  2.881316E-19  1.222076E-18
 6370.0000  7.435124E-19  1.143979E-18
 6375.0000  7.467312E-19  1.149100E-18
 6380.0000 -4.435203E-18  1.065624E-18
 6385.0000 -5.639208E-18  1.092791E-18
 6390.0000 -1.257107E-19  1.175382E-18
 6395.0000  1.787842E-18  1.183857E-18
 6400.0000  1.399453E-18  1.185344E-18
 6405.0000  8.062993E-19  1.181017E-18
 6410.0000  1.438582E-18  1.184870E-18
 6415.0000  1.657697E-18  1.188675E-18
 6420.0000 -7.804916E-20  1.181965E-18
 6425.0000  2.082714E-18  1.177877E-18
 6430.0000  2.431633E-18  1.172573E-18
 6435.0000  6.469000E-20  1.159679E-18
 6440.0000  9.719596E-19  1.150135E-18
 6445.0000  1.437922E-18  1.150205E-18
 6450.0000  1.184991E-18  1.137869E-18
 6455.0000  2.450692E-18  1.132512E-18
 6460.0000  1.669218E-18  1.196374E-18
 6465.0000  4.720523E-19  1.236385E-18
 6470.0000  7.848880E-19  1.177959E-18
 6475.0000  1.133176E-18  1.098502E-18
 6480.0000  4.717000E-19  1.080892E-18
 6485.0000 -7.845065E-19  1.033931E-18
 6490.0000  3.074882E-18  1.052830E-18
 6495.0000  1.131356E-18  1.016023E-18
 6500.0000  9.232046E-19  1.095735E-18
 6505.0000  2.190956E-18  1.062636E-18
 6510.0000  1.265110E-18  9.923326E-19
 6515.0000 -3.362709E-19  9.730181E-19
 6520.0000  1.384855E-18  9.886264E-19
 6525.0000  2.483201E-18  1.000492E-18
 6530.0000  3.240337E-19  9.646432E-19
 6535.0000  4.879868E-19  1.023566E-18
 6540.0000 -1.775078E-19  9.629762E-19
 6545.0000  2.204943E-19  9.963896E-19
 6550.0000  1.570907E-18  9.757857E-19
 6555.0000  2.288134E-18  1.044995E-18
 6560.0000  4.165057E-20  9.515427E-19
 6565.0000  7.801400E-19  1.014215E-18
 6570.0000  4.238972E-19  1.003984E-18
 6575.0000  6.138201E-19  1.024066E-18
 6580.0000  5.445060E-19  1.012232E-18
 6585.0000  6.334909E-19  1.014825E-18
 6590.0000  5.989415E-19  1.020514E-18
 6595.0000  1.000032E-18  1.042061E-18
 6600.0000  8.863980E-19  1.030868E-18
 6605.0000  1.138370E-18  1.084204E-18
 6610.0000  1.744241E-18  1.065590E-18
 6615.0000  8.175033E-19  1.065264E-18
 6620.0000  2.419898E-19  1.067460E-18
 6625.0000  2.301538E-18  1.090450E-18
 6630.0000  8.861846E-19  1.091615E-18
 6635.0000  1.101654E-18  1.109119E-18
 6640.0000  1.509650E-19  1.096672E-18
 6645.0000  2.409113E-18  1.106852E-18
 6650.0000  3.148650E-19  1.097038E-18
 6655.0000  1.532122E-18  1.102091E-18
 6660.0000  1.311813E-18  1.098763E-18
 6665.0000  2.420141E-18  1.100193E-18
 6670.0000  8.083409E-19  1.081537E-18
 6675.0000 -3.116029E-19  1.072854E-18
 6680.0000  2.943942E-19  1.060359E-18
 6685.0000  1.356795E-18  1.065392E-18
 6690.0000  2.113639E-19  1.045769E-18
 6695.0000  5.542650E-19  1.032612E-18
 6700.0000  1.447781E-18  1.046095E-18
 6705.0000 -3.871342E-19  1.021026E-18
 6710.0000  1.678051E-18  1.025772E-18
 6715.0000  8.325405E-19  1.085871E-18
 6720.0000  1.783802E-19  1.043665E-18
 6725.0000  9.575444E-19  1.031857E-18
 6730.0000  1.569143E-18  1.029438E-18
 6735.0000 -3.377983E-19  9.735095E-19
 6740.0000  9.617074E-19  9.695248E-19
 6745.0000  9.261875E-19  9.620159E-19
 6750.0000  1.446110E-18  9.456827E-19
 6755.0000  1.420488E-18  9.305922E-19
 6760.0000  1.337780E-19  9.125459E-19
 6765.0000  2.381097E-18  9.255680E-19
 6770.0000  8.573048E-19  8.924146E-19
 6775.0000  8.184854E-19  8.936467E-19
 6780.0000  2.214080E-19  8.734883E-19
 6785.0000  3.068068E-19  8.752016E-19
 6790.0000  1.757043E-18  8.807194E-19
 6795.0000  2.768126E-19  8.603866E-19
 6800.0000  5.918100E-19  8.592693E-19
 6805.0000  6.557629E-19  8.638807E-19
 6810.0000  3.305505E-19  8.517686E-19
 6815.0000  1.585454E-18  8.679346E-19
 6820.0000  9.195548E-19  8.631111E-19
 6825.0000  2.177893E-19  8.735346E-19
 6830.0000  8.496588E-19  9.948123E-19
 6835.0000  1.533629E-18  9.688096E-19
 6840.0000  2.047652E-18  9.191787E-19
 6845.0000  1.964228E-18  8.782131E-19
 6850.0000  1.397515E-18  8.944152E-19
 6855.0000  1.080697E-18  8.890012E-19
 6860.0000  1.144310E-18  9.058100E-19
 6865.0000  1.479386E-18  1.014302E-18
 6870.0000 -2.679213E-19  8.406240E-19
 6875.0000 -9.195026E-19  8.316373E-19
 6880.0000  8.592707E-19  9.384234E-19
 6885.0000  8.428242E-19  9.078046E-19
 6890.0000  8.860852E-19  9.468912E-19
 6895.0000  5.835958E-19  9.067011E-19
 6900.0000  1.302590E-18  9.905757E-19
 6905.0000  2.387336E-18  9.564477E-19
 6910.0000 -1.032616E-18  9.687454E-19
 6915.0000  1.760392E-18  1.000553E-18
 6920.0000  3.930226E-19  9.595296E-19
 6925.0000 -3.795464E-19  1.039288E-18
 6930.0000  1.706061E-18  9.819254E-19
 6935.0000  3.147579E-19  9.668747E-19
 6940.0000  5.767699E-19  1.021059E-18
 6945.0000  7.469006E-20  9.631490E-19
 6950.0000 -1.066704E-18  1.048040E-18
 6955.0000 -5.193861E-19  9.585921E-19
 6960.0000  4.230447E-19  9.537174E-19
 6965.0000  1.988690E-18  9.730799E-19
 6970.0000  1.997117E-18  9.971718E-19
 6975.0000  1.772564E-18  9.514650E-19
 6980.0000  1.137924E-18  1.003400E-18
 6985.0000  1.292279E-18  9.436933E-19
 6990.0000  4.295244E-19  1.056674E-18
 6995.0000  1.226150E-18  1.024877E-18
 7000.0000  1.200524E-18  9.919266E-19
 7005.0000  1.187963E-18  9.884910E-19
 7010.0000  2.392811E-18  1.008867E-18
 7015.0000  2.091430E-18  9.308971E-19
 7020.0000  1.164591E-18  9.169330E-19
 7025.0000  6.102030E-19  8.852908E-19
 7030.0000  1.161334E-18  8.837592E-19
 7035.0000  1.041755E-18  8.689414E-19
 7040.0000  2.154034E-18  8.840696E-19
 7045.0000 -3.524593E-19  8.539710E-19
 7050.0000  1.924850E-18  9.094516E-19
 7055.0000  1.487782E-18  8.448764E-19
 7060.0000  1.598869E-18  8.309932E-19
 7065.0000  1.027651E-18  8.438322E-19
 7070.0000  1.903161E-18  8.240494E-19
 7075.0000  1.082955E-18  8.133210E-19
 7080.0000  2.029277E-19  8.047937E-19
 7085.0000  8.676278E-19  7.925162E-19
 7090.0000  1.741800E-18  8.234878E-19
 7095.0000  2.251587E-18  7.920987E-19
 7100.0000  5.439981E-19  7.733565E-19
 7105.0000  1.522596E-18  7.850084E-19
 7110.0000  1.450364E-18  7.829114E-19
 7115.0000  1.776503E-18  7.838117E-19
 7120.0000  8.468319E-19  7.716704E-19
 7125.0000  7.111427E-19  7.841343E-19
 7130.0000  6.893455E-19  7.826062E-19
 7135.0000  1.495692E-18  7.957636E-19
 7140.0000  2.767464E-18  8.035471E-19
 7145.0000  1.625722E-18  8.336985E-19
 7150.0000  4.104288E-19  7.977292E-19
 7155.0000  1.727579E-18  8.012610E-19
 7160.0000  1.031848E-18  8.232302E-19
 7165.0000  1.809140E-18  8.231058E-19
 7170.0000  1.513551E-18  8.166737E-19
 7175.0000  1.234189E-18  8.210634E-19
 7180.0000  4.999829E-19  8.230424E-19
 7185.0000  9.955168E-19  8.035864E-19
 7190.0000  1.957082E-18  8.266649E-19
 7195.0000  5.970801E-19  8.151205E-19
 7200.0000  1.592813E-18  8.313211E-19
 7205.0000 -1.150163E-19  8.219056E-19
 7210.0000  1.941843E-18  8.608695E-19
 7215.0000  2.140470E-18  8.699664E-19
 7220.0000  9.636432E-19  8.728387E-19
 7225.0000  8.982111E-19  8.706971E-19
 7230.0000  2.014483E-18  8.885498E-19
 7235.0000  2.014522E-18  8.795848E-19
 7240.0000  2.253461E-18  1.175445E-18
 7245.0000  7.238186E-19  1.048421E-18
 7250.0000  9.325917E-19  9.089960E-19
 7255.0000  6.529803E-19  9.558788E-19
 7260.0000  2.815802E-18  8.874501E-19
 7265.0000  1.105397E-18  8.799197E-19
 7270.0000  2.085645E-18  9.074986E-19
 7275.0000  2.864578E-18  1.034792E-18
 7280.0000  1.799661E-18  8.819278E-19
 7285.0000  1.791927E-18  9.661909E-19
 7290.0000  2.432051E-18  8.570114E-19
 7295.0000  6.976863E-19  1.020802E-18
 7300.0000  2.322429E-18  9.450944E-19
 7305.0000  7.115047E-19  1.006279E-18
 7310.0000  1.566716E-18  9.162202E-19
 7315.0000  1.745321E-18  9.997875E-19
 7320.0000  1.577791E-18  8.713871E-19
 7325.0000  2.003802E-18  8.519069E-19
 7330.0000  2.492079E-18  9.560991E-19
 7335.0000  1.297282E-18  8.217155E-19
 7340.0000  1.456317E-18  9.382088E-19
 7345.0000  2.368346E-18  8.285180E-19
 7350.0000  2.728019E-18  8.266077E-19
 7355.0000  2.083922E-18  8.015091E-19
 7360.0000  2.746796E-18  8.679601E-19
 7365.0000  1.502550E-18  7.839526E-19
 7370.0000  2.626409E-18  8.834308E-19
 7375.0000  1.990507E-18  7.774761E-19
 7380.0000  1.968702E-18  7.631346E-19
 7385.0000  2.715608E-18  7.670015E-19
 7390.0000  2.754765E-18  8.114883E-19
 7395.0000  1.649689E-18  7.460166E-19
 7400.0000  2.677634E-18  8.445808E-19
 7405.0000  1.679076E-18  7.344878E-19
 7410.0000  1.630274E-18  7.322303E-19
 7415.0000  1.995325E-18  7.413209E-19
 7420.0000  2.292189E-18  7.340384E-19
 7425.0000  1.204090E-18  7.308787E-19
 7430.0000  7.657532E-19  7.700629E-19
 7435.0000  1.846107E-18  7.295139E-19
 7440.0000  2.161517E-18  8.196996E-19
 7445.0000  2.536190E-18  7.379709E-19
 7450.0000  3.365959E-18  7.506338E-19
 7455.0000  4.224504E-18  7.667500E-19
 7460.0000  4.132374E-18  7.812306E-19
 7465.0000  9.403386E-19  7.975510E-19
 7470.0000  4.203746E-18  8.532910E-19
 7475.0000  2.922649E-18  8.201920E-19
 7480.0000  1.502652E-18  8.388331E-19
 7485.0000  2.270592E-18  8.361156E-19
 7490.0000  7.761796E-19  7.610583E-19
 7495.0000  2.098147E-18  8.021327E-19
 7500.0000  1.928398E-18  7.788137E-19
 7505.0000  1.892792E-18  7.843163E-19
 7510.0000  2.111519E-18  7.752103E-19
 7515.0000  1.391765E-18  8.025762E-19
 7520.0000  2.252447E-18  8.155284E-19
 7525.0000  2.166519E-18  9.331578E-19
 7530.0000  1.129066E-18  8.557062E-19
 7535.0000  1.466096E-18  7.980129E-19
 7540.0000  2.209899E-18  8.348118E-19
 7545.0000  2.456685E-18  8.122772E-19
 7550.0000  2.538070E-18  8.142062E-19
 7555.0000  2.053582E-18  8.381933E-19
 7560.0000  2.789108E-18  8.457931E-19
 7565.0000  2.297035E-18  8.278442E-19
 7570.0000  3.671868E-18  9.300738E-19
 7575.0000  1.793867E-18  8.379401E-19
 7580.0000  1.681844E-18  8.100685E-19
 7585.0000  2.611519E-18  8.669589E-19
 7590.0000  3.078332E-18  8.116836E-19
 7595.0000  1.461060E-18  7.310253E-19
 7600.0000 -5.255283E-19  7.386076E-19
 7605.0000 -6.075500E-19  6.800017E-19
 7610.0000  5.526459E-19  6.915915E-19
 7615.0000  1.473641E-18  7.198881E-19
 7620.0000  1.369309E-19  9.406515E-19
 7625.0000  7.129380E-19  8.216856E-19
 7630.0000 -6.007767E-19  8.404048E-19
 7635.0000  7.144345E-19  8.155771E-19
 7640.0000  1.701079E-18  7.789816E-19
 7645.0000  1.143753E-18  7.581823E-19
 7650.0000  9.097263E-19  7.485261E-19
 7655.0000  9.656148E-19  7.743786E-19
 7660.0000  7.155501E-19  7.712544E-19
 7665.0000  8.106549E-19  7.538177E-19
 7670.0000  1.829716E-18  7.512946E-19
 7675.0000  6.329835E-19  7.447040E-19
 7680.0000  2.479524E-18  7.743747E-19
 7685.0000  1.946300E-18  7.721225E-19
 7690.0000  7.478564E-19  7.720541E-19
 7695.0000  1.994082E-18  7.500394E-19
 7700.0000  1.919313E-18  7.892639E-19
 7705.0000  5.218582E-19  7.178235E-19
 7710.0000  1.127387E-18  7.767690E-19
 7715.0000  2.380372E-18  1.132384E-18
 7720.0000  2.036688E-18  7.929591E-19
 7725.0000  8.723934E-19  8.606032E-19
 7730.0000  9.596527E-19  7.204108E-19
 7735.0000  2.773996E-18  7.640774E-19
 7740.0000  1.767393E-18  7.180644E-19
 7745.0000  1.134331E-18  7.032791E-19
 7750.0000  7.488447E-19  9.025112E-19
 7755.0000  7.288977E-19  7.142716E-19
 7760.0000  2.905372E-18  7.907271E-19
 7765.0000  1.209148E-18  6.859718E-19
 7770.0000  1.438121E-18  7.058748E-19
 7775.0000  2.196282E-18  7.682706E-19
 7780.0000  6.043335E-19  7.628557E-19
 7785.0000  2.226086E-18  7.267328E-19
 7790.0000  1.240250E-18  7.574993E-19
 7795.0000  2.789200E-18  8.279301E-19
 7800.0000  2.662874E-18  7.093970E-19
 7805.0000  1.746895E-18  7.081063E-19
 7810.0000  6.591017E-19  7.936813E-19
 7815.0000  1.984133E-18  7.382533E-19
 7820.0000 -1.358717E-19  8.386884E-19
 7825.0000  1.909322E-18  7.164892E-19
 7830.0000  9.132222E-19  7.186616E-19
 7835.0000  2.078633E-18  7.131922E-19
 7840.0000  1.832522E-18  7.899899E-19
 7845.0000  1.994536E-18  7.108180E-19
 7850.0000  1.766629E-18  8.167065E-19
 7855.0000  1.344565E-18  8.498279E-19
 7860.0000  1.257224E-18  8.659447E-19
 7865.0000  2.542114E-18  7.444954E-19
 7870.0000  1.107955E-18  8.687399E-19
 7875.0000  1.350981E-18  7.159759E-19
 7880.0000  7.467002E-19  8.967632E-19
 7885.0000  1.589316E-18  7.670346E-19
 7890.0000  3.716980E-20  8.863415E-19
 7895.0000  6.670272E-19  7.636047E-19
 7900.0000  1.826417E-18  7.381313E-19
 7905.0000  1.472545E-18  7.572189E-19
 7910.0000  1.606848E-18  7.937354E-19
 7915.0000  2.726159E-18  9.001982E-19
 7920.0000  2.303548E-19  9.045793E-19
 7925.0000  1.270271E-18  7.463151E-19
 7930.0000  6.893637E-19  8.879291E-19
 7935.0000  1.063041E-18  7.408173E-19
 7940.0000  1.963936E-19  7.303853E-19
 7945.0000  1.290471E-18  7.643635E-19
 7950.0000  9.737733E-19  8.197905E-19
 7955.0000  5.378095E-19  7.236196E-19
 7960.0000  8.271503E-19  7.218321E-19
 7965.0000  3.615238E-19  8.313317E-19
 7970.0000  3.539202E-20  7.566455E-19
 7975.0000  1.962273E-18  7.711610E-19
 7980.0000  4.531033E-19  8.241281E-19
 7985.0000  7.989788E-19  8.832512E-19
 7990.0000  1.185110E-18  8.983158E-19
 7995.0000  1.535699E-18  1.037523E-18
 8000.0000  1.555321E-18  8.760528E-19
 8005.0000  1.066302E-18  8.347383E-19
 8010.0000  1.821885E-19  8.059062E-19
 8015.0000  1.369993E-18  9.153454E-19
 8020.0000  1.413593E-18  8.211649E-19
 8025.0000  1.393829E-18  9.108961E-19
 8030.0000  1.668128E-18  8.442382E-19
 8035.0000  2.675110E-19  7.360094E-19
 8040.0000  4.200476E-19  7.325340E-19
 8045.0000  1.165454E-18  7.153736E-19
 8050.0000  7.149299E-19  7.988057E-19
 8055.0000  6.630972E-19  6.984228E-19
 8060.0000 -7.497846E-20  7.553898E-19
 8065.0000  7.932276E-19  7.091047E-19
 8070.0000  2.587920E-19  6.634931E-19
 8075.0000  8.520873E-19  6.877268E-19
 8080.0000  1.453951E-18  6.718773E-19
 8085.0000  1.674314E-18  6.944014E-19
 8090.0000  1.511572E-18  6.507852E-19
 8095.0000  1.407207E-18  6.982520E-19
 8100.0000  6.625094E-19  6.783824E-19
 8105.0000 -1.337248E-19  7.015345E-19
 8110.0000  2.649894E-19  6.354962E-19
 8115.0000  1.105363E-18  6.736280E-19
 8120.0000  1.094144E-18  6.286274E-19
 8125.0000  6.191787E-19  6.256618E-19
 8130.0000  8.012671E-19  6.325984E-19
 8135.0000  7.371726E-19  6.181167E-19
 8140.0000  9.509549E-19  6.530999E-19
 8145.0000  1.585204E-18  6.558421E-19
 8150.0000  4.237099E-19  6.043630E-19
 8155.0000  1.176955E-18  6.020148E-19
 8160.0000  8.912473E-19  6.001865E-19
 8165.0000  5.659140E-19  5.953130E-19
 8170.0000  1.119610E-18  5.970480E-19
 8175.0000  7.706296E-19  5.981631E-19
 8180.0000  1.296070E-18  5.986835E-19
 8185.0000  1.421002E-18  6.104174E-19
 8190.0000  1.198316E-18  6.313963E-19
 8195.0000  2.631471E-19  6.240428E-19
 8200.0000  9.129484E-19  6.016272E-19
 8205.0000  7.703607E-19  6.288051E-19
 8210.0000  3.933712E-19  6.124865E-19
 8215.0000  1.043478E-18  6.231796E-19
 8220.0000  9.348784E-19  6.127323E-19
 8225.0000  1.991465E-18  6.186802E-19
 8230.0000  6.186715E-19  5.876443E-19
 8235.0000  5.160948E-19  6.142954E-19
 8240.0000  6.041297E-19  6.374595E-19
 8245.0000  9.082947E-19  6.343037E-19
 8250.0000  4.398975E-19  6.389201E-19
 8255.0000  4.831789E-19  6.269959E-19
 8260.0000  1.276775E-18  6.319990E-19
 8265.0000  1.984232E-18  6.478805E-19
 8270.0000  8.783788E-19  6.345323E-19
 8275.0000  1.141414E-18  6.362890E-19
 8280.0000  8.076934E-19  9.461382E-19
 8285.0000  2.119346E-20  7.443618E-19
 8290.0000  4.987601E-19  7.750618E-19
 8295.0000  1.540145E-18  7.174762E-19
 8300.0000  8.065443E-19  7.783227E-19
 8305.0000  1.934912E-18  6.840672E-19
 8310.0000  9.243325E-19  7.391617E-19
 8315.0000  3.948439E-19  6.562820E-19
 8320.0000  2.765705E-18  6.963946E-19
 8325.0000  7.574162E-19  6.616815E-19
 8330.0000  8.954916E-19  6.623842E-19
 8335.0000  1.614817E-18  6.790818E-19
 8340.0000  1.184895E-18  6.985271E-19
 8345.0000 -6.804426E-20  9.063719E-19
 8350.0000  1.892685E-18  7.573001E-19
 8355.0000  1.124946E-18  7.635845E-19
 8360.0000  3.521446E-20  7.068185E-19
 8365.0000  1.551467E-18  8.088496E-19
 8370.0000  1.550639E-18  6.793476E-19
 8375.0000  8.604406E-19  9.019170E-19
 8380.0000 -4.560245E-20  1.024972E-18
 8385.0000  1.612971E-18  9.104241E-19
 8390.0000  9.410403E-19  8.639821E-19
 8395.0000  9.995945E-19  8.239567E-19
 8400.0000  5.058238E-19  9.723272E-19
 8405.0000  3.899737E-19  7.843262E-19
 8410.0000  1.209566E-18  8.084642E-19
 8415.0000  7.331878E-19  8.793411E-19
 8420.0000 -1.419078E-19  7.464659E-19
 8425.0000  5.800409E-19  8.214839E-19
 8430.0000  7.636344E-19  9.318128E-19
 8435.0000  8.300593E-19  7.538015E-19
 8440.0000  3.378968E-19  7.040527E-19
 8445.0000  1.543981E-18  7.197960E-19
 8450.0000  2.181401E-18  7.795382E-19
 8455.0000  8.469052E-19  7.242959E-19
 8460.0000 -8.651413E-19  6.716223E-19
 8465.0000 -3.313528E-19  8.036299E-19
 8470.0000  6.631433E-19  6.554359E-19
 8475.0000  1.263778E-20  6.804650E-19
 8480.0000  7.980213E-19  6.393117E-19
 8485.0000  8.990236E-19  6.425471E-19
 8490.0000  6.951190E-19  6.308182E-19
 8495.0000  6.102166E-19  7.496399E-19
 8500.0000  2.030892E-19  6.394445E-19
 8505.0000  1.534594E-18  7.791565E-19
 8510.0000  5.016633E-19  6.135705E-19
 8515.0000  1.103538E-18  6.114889E-19
 8520.0000  4.719105E-19  6.275518E-19
 8525.0000  7.305804E-19  6.020154E-19
 8530.0000  9.606543E-19  5.985854E-19
 8535.0000  7.278500E-19  5.911963E-19
 8540.0000  8.081461E-19  6.436809E-19
 8545.0000  9.731010E-19  5.816995E-19
 8550.0000  7.451509E-19  7.196252E-19
 8555.0000  3.811613E-19  5.844242E-19
 8560.0000  7.837941E-19  5.815380E-19
 8565.0000  9.917814E-19  5.870849E-19
 8570.0000  1.286886E-18  5.950746E-19
 8575.0000  1.311687E-18  6.148214E-19
 8580.0000  5.242077E-19  5.780657E-19
 8585.0000  1.389497E-18  5.859221E-19
 8590.0000 -1.786548E-19  6.204176E-19
 8595.0000  1.367132E-18  6.325096E-19
 8600.0000  9.052172E-19  5.930285E-19
 8605.0000 -1.964419E-19  5.686127E-19
 8610.0000  4.221409E-19  6.004392E-19
 8615.0000  6.062512E-19  6.974873E-19
 8620.0000  2.497480E-19  8.153020E-19
 8625.0000  7.074237E-19  8.540458E-19
 8630.0000  1.199251E-19  8.983073E-19
 8635.0000  1.149148E-18  8.643963E-19
 8640.0000 -1.261401E-19  7.483601E-19
 8645.0000  1.246576E-18  6.494820E-19
 8650.0000  4.705724E-19  7.879457E-19
 8655.0000  3.961088E-19  7.912802E-19
 8660.0000  6.901662E-19  7.689097E-19
 8665.0000  1.011180E-18  7.695059E-19
 8670.0000  7.740669E-19  7.666157E-19
 8675.0000  7.134538E-19  7.211995E-19
 8680.0000  1.078583E-18  6.926557E-19
 8685.0000  1.446685E-18  6.505803E-19
 8690.0000  1.005540E-18  6.319650E-19
 8695.0000  9.408716E-19  6.254323E-19
 8700.0000  2.137316E-18  6.683382E-19
 8705.0000  1.563072E-18  6.528928E-19
 8710.0000  9.101703E-19  6.266738E-19
 8715.0000  2.692269E-18  6.223813E-19
 8720.0000  5.647253E-19  6.064630E-19
 8725.0000  8.392516E-19  6.324914E-19
 8730.0000 -6.239474E-20  6.016166E-19
 8735.0000  1.635293E-18  6.328379E-19
 8740.0000  5.928172E-19  6.397552E-19
 8745.0000  5.877083E-19  6.351399E-19
 8750.0000  1.486478E-18  6.413759E-19
 8755.0000  7.593789E-19  6.382591E-19
 8760.0000  1.207334E-18  1.067243E-18
 8765.0000  1.112595E-18  8.213865E-19
 8770.0000  2.583299E-19  7.852033E-19
 8775.0000  1.560069E-18  7.736424E-19
 8780.0000  7.170315E-19  7.759489E-19
 8785.0000  1.681390E-18  6.967220E-19
 8790.0000  7.865757E-19  7.826278E-19
 8795.0000  1.094735E-18  6.511531E-19
 8800.0000  9.130415E-19  6.555736E-19
 8805.0000  8.206027E-19  6.422110E-19
 8810.0000  4.667597E-19  7.087493E-19
 8815.0000  1.113333E-18  6.561459E-19
 8820.0000  6.282211E-19  8.787397E-19
 8825.0000  7.121598E-19  1.216474E-18
 8830.0000  1.370092E-18  1.022103E-18
 8835.0000  3.223877E-18  1.311630E-18
 8840.0000  1.967519E-18  8.378065E-19
 8845.0000 -3.111274E-19  8.362424E-19
 8850.0000  2.720642E-19  9.430008E-19
 8855.0000  1.462115E-18  7.963285E-19
 8860.0000  1.164270E-18  7.978209E-19
 8865.0000  3.850707E-20  8.588924E-19
 8870.0000  5.701376E-21  7.914335E-19
 8875.0000 -1.957724E-19  6.930757E-19
 8880.0000  1.614803E-18  7.153143E-19
 8885.0000  1.541667E-18  9.202327E-19
 8890.0000  5.716844E-19  7.223527E-19
 8895.0000  5.878532E-19  7.183617E-19
 8900.0000 -1.314138E-19  6.835213E-19
 8905.0000  2.562171E-20  8.102034E-19
 8910.0000  1.354360E-18  7.268909E-19
 8915.0000  4.449636E-19  6.530432E-19
 8920.0000  1.381780E-18  8.856983E-19
 8925.0000  9.461690E-19  6.771154E-19
 8930.0000  1.481549E-18  6.945664E-19
 8935.0000 -8.147878E-19  6.453223E-19
 8940.0000  3.467110E-19  6.368607E-19
 8945.0000  1.714240E-18  7.494181E-19
 8950.0000  3.175085E-19  6.070860E-19
 8955.0000  1.167658E-18  6.418782E-19
 8960.0000  9.310488E-19  7.232419E-19
 8965.0000  4.634227E-19  5.918959E-19
 8970.0000  7.291995E-19  6.388149E-19
 8975.0000  6.273864E-19  5.911236E-19
 8980.0000 -4.747715E-20  6.356590E-19
 8985.0000  1.189047E-18  6.199200E-19
 8990.0000  9.237745E-19  6.986518E-19
 8995.0000  3.399465E-19  6.007980E-19
 9000.0000  1.776021E-19  7.058612E-19
 9005.0000  8.169275E-19  5.643048E-19
 9010.0000  3.577037E-19  5.452481E-19
 9015.0000  4.715677E-19  5.429794E-19
 9020.0000  8.794427E-19  5.864756E-19
 9025.0000  8.684313E-19  5.520609E-19
 9030.0000  8.558440E-19  5.980276E-19
 9035.0000  4.637277E-19  5.701124E-19
 9040.0000  1.021868E-18  6.428978E-19
 9045.0000  4.190308E-19  5.864733E-19
 9050.0000  6.284095E-19  7.203304E-19
 9055.0000  1.621169E-19  5.888926E-19
 9060.0000  6.597552E-19  5.655937E-19
 9065.0000  1.115843E-18  6.112714E-19
 9070.0000  6.417138E-19  6.063042E-19
 9075.0000  1.376674E-18  5.840437E-19
 9080.0000  1.034793E-18  5.701289E-19
 9085.0000 -1.461264E-19  5.752460E-19
 9090.0000  3.626899E-19  6.033580E-19
 9095.0000  5.411884E-19  6.349746E-19
 9100.0000  3.540108E-19  6.052549E-19
 9105.0000  5.572467E-19  6.354181E-19
 9110.0000  6.943613E-19  5.799459E-19
 9115.0000  2.699789E-19  5.760729E-19
 9120.0000  1.305058E-19  5.761547E-19
 9125.0000  3.045661E-19  6.183097E-19
 9130.0000  1.235648E-18  5.949486E-19
 9135.0000  3.511711E-19  6.046704E-19
 9140.0000  4.824826E-19  6.186676E-19
 9145.0000  9.783637E-19  6.255321E-19
 9150.0000  1.080029E-18  6.908529E-19
 9155.0000  5.169454E-19  6.660183E-19
 9160.0000  2.084404E-18  7.908876E-19
 9165.0000 -5.409328E-19  6.307247E-19
 9170.0000  8.911411E-19  6.543039E-19
 9175.0000  3.963700E-19  6.447461E-19
 9180.0000  6.885809E-19  6.741492E-19
 9185.0000 -4.374326E-19  6.590066E-19
 9190.0000 -1.437227E-19  6.751328E-19
 9195.0000  1.019473E-18  6.895270E-19
 9200.0000  5.157425E-19  6.915193E-19
 9205.0000 -5.697843E-20  6.708345E-19
 9210.0000  1.227072E-18  6.892782E-19
 9215.0000  1.095160E-18  7.502610E-19
 9220.0000  1.603636E-18  7.096652E-19
 9225.0000 -3.985898E-20  8.021527E-19
 9230.0000  1.256271E-18  7.101735E-19
 9235.0000  5.093378E-19  7.094282E-19
 9240.0000 -4.338083E-19  7.005698E-19
 9245.0000  1.231037E-19  7.214825E-19
 9250.0000 -1.069715E-18  7.711404E-19
 9255.0000  1.012114E-18  7.543801E-19
 9260.0000  7.581260E-19  7.483585E-19
 9265.0000  1.439665E-18  7.691750E-19
 9270.0000  5.786209E-19  7.477697E-19
 9275.0000  6.269215E-19  7.587694E-19
 9280.0000  8.666626E-19  7.547037E-19
 9285.0000  2.023993E-18  8.282583E-19
 9290.0000  8.850457E-19  7.943509E-19
 9295.0000 -1.231574E-19  8.458021E-19
 9300.0000  9.511818E-20  1.129653E-18
 9305.0000  1.333840E-18  1.562011E-18
 9310.0000  1.067717E-18  1.923132E-18
 9315.0000 -5.979596E-19  1.494811E-18
 9320.0000  2.217974E-18  1.334811E-18
 9325.0000  1.622332E-18  1.425739E-18
 9330.0000  4.732883E-19  1.177552E-18
 9335.0000 -1.381431E-19  1.049282E-18
 9340.0000 -1.120018E-18  1.114699E-18
 9345.0000  4.104151E-19  9.562553E-19
 9350.0000  9.438002E-19  1.245371E-18
 9355.0000  4.838147E-20  9.741096E-19
 9360.0000  2.978385E-20  1.010633E-18
 9365.0000 -9.351222E-19  9.270884E-19
 9370.0000 -3.359654E-20  1.004426E-18
 9375.0000 -1.282225E-18  2.090463E-18
 9380.0000  5.233098E-19  9.822308E-19
 9385.0000  1.426687E-18  1.147484E-18
 9390.0000 -1.185154E-18  8.900308E-19
 9395.0000  4.319032E-19  9.860387E-19
 9400.0000 -6.288186E-19  1.063993E-18
 9405.0000  5.873639E-19  9.752175E-19
 9410.0000  3.626594E-19  8.734490E-19
 9415.0000  3.363524E-19  9.159239E-19
 9420.0000  5.943120E-19  1.291711E-18
 9425.0000  1.175969E-19  9.315972E-19
 9430.0000 -7.719650E-19  8.321642E-19
 9435.0000 -5.728384E-20  9.223493E-19
 9440.0000  2.312047E-18  1.536851E-18
 9445.0000  3.100259E-19  9.033275E-19
 9450.0000  3.621108E-19  1.004621E-18
 9455.0000  4.456014E-19  9.059554E-19
 9460.0000 -1.475616E-20  1.147742E-18
 9465.0000  8.018533E-19  8.539720E-19
 9470.0000  3.188565E-19  8.501113E-19
 9475.0000  2.207231E-18  1.214229E-18
 9480.0000  2.121029E-18  9.800369E-19
 9485.0000  1.219922E-18  8.872335E-19
 9490.0000  4.011272E-19  9.196910E-19
 9495.0000  8.469211E-19  8.216378E-19
 9500.0000 -9.515660E-19  8.753493E-19
 9505.0000 -1.073956E-20  1.002703E-18
 9510.0000  3.453759E-19  8.467640E-19
 9515.0000  4.893857E-19  8.463321E-19
 9520.0000 -2.190607E-19  1.182013E-18
 9525.0000 -9.764923E-19  8.186009E-19
 9530.0000  6.283801E-19  9.096833E-19
 9535.0000 -8.381513E-20  9.516277E-19
 9540.0000  8.111749E-20  8.044109E-19
 9545.0000  1.159371E-18  7.948688E-19
 9550.0000  2.487153E-18  9.528740E-19
 9555.0000  4.666592E-19  8.888965E-19
 9560.0000  2.743607E-19  8.692795E-19
 9565.0000  2.123287E-18  9.964751E-19
 9570.0000  7.264030E-19  1.023613E-18
 9575.0000  3.207199E-19  8.481041E-19
 9580.0000  4.916105E-19  7.747271E-19
 9585.0000  1.292768E-18  8.026220E-19
 9590.0000  7.356206E-19  8.227976E-19
 9595.0000  5.839845E-19  8.046166E-19
 9600.0000  1.453125E-18  8.160176E-19
 9605.0000  4.074099E-19  8.808250E-19
 9610.0000  8.415870E-19  9.585762E-19
 9615.0000  2.963591E-19  8.537795E-19
 9620.0000  2.181302E-18  1.125925E-18
 9625.0000  8.692727E-20  9.012986E-19
 9630.0000  6.658125E-19  9.282355E-19
 9635.0000  1.589554E-18  8.580023E-19
 9640.0000  8.315766E-19  8.579803E-19
 9645.0000  5.086130E-19  8.370539E-19
 9650.0000  1.030684E-18  9.068256E-19
 9655.0000 -1.004446E-19  9.823400E-19
 9660.0000 -3.295725E-19  9.947489E-19
 9665.0000  5.813197E-19  9.263854E-19
 9670.0000  1.006136E-18  1.261505E-18
 9675.0000  1.043692E-18  1.034277E-18
 9680.0000  9.073577E-19  1.446405E-18
 9685.0000  3.148841E-18  1.127654E-18
 9690.0000  2.860209E-19  1.121882E-18
 9695.0000 -4.275185E-20  1.031318E-18
 9700.0000  2.405570E-18  1.402153E-18
 9705.0000 -5.996430E-19  1.037447E-18
 9710.0000 -9.548123E-19  1.195777E-18
 9715.0000 -2.834186E-19  1.072781E-18
 9720.0000  2.518505E-18  1.609446E-18
 9725.0000  1.043653E-18  1.163924E-18
 9730.0000  8.672910E-19  1.141402E-18
 9735.0000 -8.875438E-21  1.302502E-18
 9740.0000 -3.308576E-19  1.278950E-18
 9745.0000  7.121746E-19  1.313284E-18
 9750.0000 -6.611835E-19  1.120622E-18
 9755.0000  9.351675E-20  1.138821E-18
 9760.0000 -1.652193E-20  1.121687E-18
 9765.0000 -1.018110E-18  1.148005E-18
 9770.0000  5.804435E-19  1.233850E-18
 9775.0000 -2.503846E-19  1.180080E-18
 9780.0000 -3.215741E-19  1.210680E-18
 9785.0000  1.571646E-18  1.265065E-18
 9790.0000  2.142221E-18  2.268037E-18
 9795.0000  3.025301E-19  1.472565E-18
 9800.0000  2.754183E-18  1.675323E-18
 9805.0000 -7.486747E-19  1.331311E-18
 9810.0000  1.223125E-18  1.576575E-18
 9815.0000 -5.950987E-19  1.445982E-18
 9820.0000 -1.831897E-18  1.320666E-18
 9825.0000  4.513446E-19  1.310066E-18
 9830.0000 -1.085554E-18  1.335156E-18
 9835.0000 -1.924625E-19  1.277413E-18
 9840.0000 -2.303524E-19  1.249487E-18
 9845.0000  2.637017E-20  1.325544E-18
 9850.0000  9.705371E-19  1.588109E-18
 9855.0000  5.808465E-19  1.261271E-18
 9860.0000  3.161876E-19  1.275301E-18
 9865.0000  7.544378E-19  1.673353E-18
 9870.0000 -1.498242E-18  2.123943E-18
 9875.0000 -3.288700E-18  1.722654E-18
 9880.0000 -5.592986E-19  1.529702E-18
 9885.0000 -1.315649E-19  1.647834E-18
 9890.0000  2.712901E-19  1.507364E-18
 9895.0000 -1.656240E-18  1.928756E-18
 9900.0000 -5.856301E-19  1.431468E-18
 9905.0000  2.653526E-19  1.460504E-18
 9910.0000 -9.972107E-19  1.436071E-18
 9915.0000 -1.315549E-18  2.234539E-18
 9920.0000 -8.994664E-19  1.355400E-18
 9925.0000 -4.158327E-19  1.294783E-18
 9930.0000 -4.537357E-19  1.292366E-18
 9935.0000  4.942719E-19  1.351270E-18
 9940.0000  6.733370E-19  1.758344E-18
 9945.0000 -5.325164E-19  2.774345E-18
 9950.0000 -1.983924E-18  1.653408E-18
 9955.0000 -6.401916E-20  1.996850E-18
 9960.0000 -1.749000E-18  2.003816E-18
 9965.0000  2.687512E-19  1.385795E-18
 9970.0000  8.447246E-18  2.104854E-18
 9975.0000 -5.522034E-20  1.401101E-18
 9980.0000 -1.598235E-18  1.281089E-18
 9985.0000 -2.602315E-19  1.094861E-18
 9990.0000 -2.943075E-19  1.118801E-18
 9995.0000 -8.987255E-19  1.087470E-18
10000.0000 -2.155381E-18  1.337081E-18
10005.0000 -1.490976E-18  1.155392E-18
10010.0000  7.442506E-19  1.615590E-18
10015.0000 -1.655717E-18  1.860185E-18
10020.0000  3.512036E-19  1.318369E-18
10025.0000 -2.196499E-18  1.743197E-18
10030.0000 -2.495942E-19  1.143860E-18
10035.0000 -4.535665E-19  1.174860E-18
10040.0000 -1.727683E-18  1.160110E-18
10045.0000  4.905216E-20  1.408232E-18
10050.0000 -6.245368E-19  1.089704E-18
10055.0000  1.832358E-19  1.188412E-18
10060.0000 -4.017560E-19  1.528381E-18
10065.0000 -1.969376E-19  1.353287E-18
10070.0000 -1.603572E-18  1.586363E-18
10075.0000  4.526594E-19  1.308640E-18
10080.0000  5.077278E-19  1.578967E-18
10085.0000  1.180832E-19  1.504904E-18
10090.0000  3.583952E-19  1.223808E-18
10095.0000 -2.751546E-18  1.247746E-18
10100.0000 -1.450705E-18  1.410579E-18
10105.0000 -4.431264E-18  1.743055E-18
10110.0000 -6.920816E-19  1.309035E-18
10115.0000  5.325344E-20  1.341960E-18
10120.0000  8.617426E-19  1.878939E-18
10125.0000  7.763974E-19  2.131026E-18
10130.0000 -7.059465E-19  1.947604E-18
10135.0000 -6.405452E-19  1.457871E-18
10140.0000  1.540622E-18  1.638061E-18
10145.0000 -4.252601E-18  2.266520E-18
10150.0000 -3.225477E-18  2.179763E-18
10155.0000 -7.442930E-19  2.123349E-18
10160.0000 -2.452865E-18  1.689506E-18
10165.0000 -8.826508E-19  1.791902E-18
10170.0000 -4.933325E-19  2.564014E-18
10175.0000 -2.466019E-18  2.340291E-18
10180.0000 -4.978703E-18  2.671180E-18
10185.0000 -1.361621E-18  2.926726E-18
10190.0000  1.348362E-18  3.086887E-18
10195.0000  8.321263E-19  2.628864E-18
10200.0000 -3.541529E-18  3.098756E-18
10205.0000 -4.207700E-18  3.051137E-18
10210.0000 -3.471144E-18  4.942627E-18
10215.0000  4.066314E-18  3.680730E-18
10220.0000  2.136526E-18  3.430505E-18
10225.0000 -3.836327E-19  4.708799E-18
10230.0000  2.734101E-19  4.585064E-18
10235.0000  5.685256E-18  4.356721E-18
10240.0000  5.035342E-19  4.342270E-18
10245.0000  5.524840E-18  4.777133E-18
10250.0000 -4.224612E-19  5.070202E-18
10255.0000 -1.527493E-18  5.682709E-18
