2.938596491228069681e+03 3.591065202204387408e+00 3.147484207712824555e-01
2.942982456140350678e+03 3.903046125782682285e+00 3.057553337744762234e-01
2.947368421052631220e+03 4.000000000000000000e+00 2.824058388320928037e-01
2.951754385964911762e+03 3.686847708675934587e+00 2.750985329663764856e-01
2.956140350877192759e+03 3.945351489527612276e+00 2.749475817268955402e-01
2.960526315789473301e+03 3.764131101732404172e+00 2.629503829865311726e-01
2.964912280701753843e+03 3.582620256354048127e+00 2.523739986984205874e-01
2.969298245614034840e+03 3.549380637353588774e+00 2.495353177216226293e-01
2.973684210526315383e+03 3.458684173218602442e+00 2.412660336812706141e-01
2.978070175438596380e+03 3.708141284152165262e+00 2.396588061532649860e-01
2.982456140350876922e+03 3.163492564983836797e+00 2.359517870584880994e-01
2.986842105263157464e+03 3.467292989168091033e+00 2.346226184764993727e-01
2.991228070175438461e+03 3.863534357061344959e+00 2.411365849733182742e-01
2.995614035087719003e+03 3.882802532793593109e+00 2.418417466221972345e-01
2.999999999999999545e+03 3.475099795373066236e+00 2.454573799579776727e-01
3.004385964912280542e+03 3.596523203654889311e+00 2.481162373444921743e-01
3.008771929824561084e+03 3.658440090006475742e+00 2.524757889081566953e-01
3.013157894736841627e+03 3.874351517680322043e+00 2.570764636177123030e-01
3.017543859649122624e+03 3.284451241132622545e+00 2.482175073316912894e-01
3.021929824561403166e+03 3.398000214279662590e+00 2.540191157678696743e-01
3.026315789473683708e+03 3.716033927075741872e+00 2.705484065466642329e-01
3.030701754385964705e+03 3.858663340040071166e+00 2.752407271264848410e-01
3.035087719298245247e+03 3.109481327119252292e+00 2.653328287983959810e-01
3.039473684210525789e+03 3.530518235200186705e+00 2.739333211872931884e-01
3.043859649122806786e+03 3.141435996453365131e+00 2.713716587114380907e-01
3.048245614035087328e+03 3.586296495615386881e+00 2.669729170499876014e-01
3.052631578947367871e+03 3.868800743210725646e+00 2.769001503157009769e-01
3.057017543859648868e+03 3.497355782542713953e+00 2.646004421700816067e-01
3.061403508771929410e+03 3.459990798823988190e+00 2.559876378478092018e-01
3.065789473684210407e+03 3.613797192995373830e+00 2.735399462455786468e-01
3.070175438596490949e+03 3.242827368911139096e+00 2.585211216029110748e-01
3.074561403508771491e+03 2.969276151177258960e+00 2.428842725863089858e-01
3.078947368421052488e+03 3.470708250123377248e+00 2.359675671421098964e-01
3.083333333333333030e+03 3.390850622546408122e+00 2.227220944242574718e-01
3.087719298245613572e+03 3.528587342550422168e+00 2.172220416520162511e-01
3.092105263157894569e+03 3.704929777023863391e+00 2.060858112103569617e-01
3.096491228070175111e+03 3.516251132123457968e+00 2.040743707711164256e-01
3.100877192982455654e+03 3.508235369866128384e+00 1.994305175909912853e-01
3.105263157894736651e+03 3.352768598764209518e+00 1.978211224690816228e-01
3.109649122807017193e+03 3.840043708403926725e+00 2.042130100772221180e-01
3.114035087719297735e+03 3.527096037944407403e+00 1.955938763807497371e-01
3.118421052631578732e+03 3.546638197546132520e+00 1.928089517327732649e-01
3.122807017543859274e+03 3.589756842523878166e+00 1.910044731594953971e-01
3.127192982456139816e+03 3.598993393667992091e+00 1.854393058663752758e-01
3.131578947368420813e+03 3.200652060800453835e+00 1.773032854992467877e-01
3.135964912280701355e+03 3.641534591629687068e+00 1.885555255666530317e-01
3.140350877192981898e+03 3.543770904329800686e+00 1.817800605412445425e-01
3.144736842105262895e+03 3.448961214002410625e+00 1.797726951785437177e-01
3.149122807017543437e+03 3.410027759334684827e+00 1.875496752913985432e-01
3.153508771929824434e+03 3.445293645116688008e+00 1.929134297589504554e-01
3.157894736842104976e+03 3.172258314731981610e+00 1.935168879018494825e-01
3.162280701754385518e+03 2.883826998365295768e+00 1.890471358641009625e-01
3.166666666666666515e+03 3.429129463855098425e+00 1.950913414100252097e-01
3.171052631578947057e+03 3.240911215899922038e+00 1.987452978060299524e-01
3.175438596491227599e+03 3.590766941283184632e+00 2.003526987415479022e-01
3.179824561403508596e+03 3.060300355510544357e+00 2.039755284890898690e-01
3.184210526315789139e+03 3.590808559086143159e+00 2.051671849138030912e-01
3.188596491228069681e+03 3.327068738399741932e+00 2.036994637294648192e-01
3.192982456140350678e+03 3.158232248097388339e+00 2.031966686474717954e-01
3.197368421052631220e+03 3.143661681874086344e+00 1.964424460423234153e-01
3.201754385964911762e+03 3.014583198960574695e+00 1.922470246890766454e-01
3.206140350877192759e+03 3.234333001919785566e+00 2.341992440351522431e-01
3.210526315789473301e+03 3.308793320675567973e+00 2.227405623243203237e-01
3.214912280701753843e+03 2.989378417043801139e+00 2.058822307908847182e-01
3.219298245614034840e+03 3.465307473151943096e+00 1.986296349953076412e-01
3.223684210526315383e+03 2.957261611685661595e+00 1.858698767194839618e-01
3.228070175438595925e+03 3.297547843501142051e+00 1.775296690065900629e-01
3.232456140350876922e+03 2.972307314492739660e+00 1.690372094978728201e-01
3.236842105263157464e+03 3.066192742779425995e+00 1.660293694927995889e-01
3.241228070175438461e+03 3.115693651248377716e+00 1.613618461872417809e-01
3.245614035087719003e+03 3.382368394080918161e+00 1.650414668950709596e-01
3.249999999999999545e+03 3.351011113626772175e+00 1.541200016574290343e-01
3.254385964912280542e+03 2.982461191377065557e+00 1.488452919474571312e-01
3.258771929824561084e+03 3.146128403736942136e+00 1.518912816052423731e-01
3.263157894736841627e+03 3.135443899864895467e+00 1.405473956675711011e-01
3.267543859649122624e+03 2.893453716412146104e+00 1.421616461998259640e-01
3.271929824561403166e+03 3.113924027585077692e+00 1.446925288422429290e-01
3.276315789473683708e+03 3.205289844717647885e+00 1.364041699755348946e-01
3.280701754385964705e+03 3.255922237204535108e+00 1.456013576143503074e-01
3.285087719298245247e+03 2.806353724082827572e+00 1.351818204211397423e-01
3.289473684210525789e+03 3.212513134643641521e+00 1.372523928220838740e-01
3.293859649122806786e+03 3.064064165565608455e+00 1.450610198059384404e-01
3.298245614035087328e+03 3.036195844259487853e+00 1.388263261077226363e-01
3.302631578947367871e+03 3.017805110539615754e+00 1.406525673237976060e-01
3.307017543859648868e+03 2.864668936403375277e+00 1.418437035259738632e-01
3.311403508771929410e+03 3.101410941495539753e+00 1.499313431971630306e-01
3.315789473684209952e+03 2.884951546082738183e+00 1.502982734932476194e-01
3.320175438596490949e+03 2.825481439730090472e+00 1.510493881328933141e-01
3.324561403508771491e+03 2.883431629237189764e+00 1.501367443955147207e-01
3.328947368421052488e+03 3.008155849516163105e+00 1.512862627947324234e-01
3.333333333333333030e+03 2.763289702471465326e+00 1.508496226786922578e-01
3.337719298245613572e+03 2.678336495144758800e+00 1.543182931477752595e-01
3.342105263157894569e+03 3.147554680525834314e+00 1.608084161116491995e-01
3.346491228070175111e+03 3.105797284519858703e+00 1.568357367079868947e-01
3.350877192982455654e+03 2.820794234671883505e+00 1.536586509708822434e-01
3.355263157894736651e+03 2.828023593860808482e+00 1.511877673277305101e-01
3.359649122807017193e+03 2.747569444441433806e+00 1.516351587095349507e-01
3.364035087719297735e+03 2.875072520105452334e+00 1.509487250719873386e-01
3.368421052631578732e+03 2.892776560076508297e+00 1.489635558708643781e-01
3.372807017543859274e+03 3.390074623928743591e+00 1.867252092740383784e-01
3.377192982456139816e+03 3.068099358377464725e+00 1.725390008018103383e-01
3.381578947368420813e+03 3.036613756364196171e+00 1.629754897932034763e-01
3.385964912280701355e+03 2.922443984323024768e+00 1.520323486165206239e-01
3.390350877192981898e+03 2.938129560850590849e+00 1.507651732201888695e-01
3.394736842105262895e+03 3.042852958657733087e+00 1.418382411893355510e-01
3.399122807017543437e+03 2.865670364787066049e+00 1.403175440099812821e-01
3.403508771929823979e+03 2.898151325921092702e+00 1.328427264873567604e-01
3.407894736842104976e+03 2.914988328330512246e+00 1.316797690059337278e-01
3.412280701754385518e+03 3.004118055591621594e+00 1.321145883430944468e-01
3.416666666666666515e+03 3.202172844683564890e+00 1.346020324036734106e-01
3.421052631578947057e+03 2.888862752523280619e+00 1.303998481574459301e-01
3.425438596491227599e+03 2.981292424743979375e+00 1.288617235231027391e-01
3.429824561403508596e+03 2.941593375909328678e+00 1.318929735423401417e-01
3.434210526315789139e+03 2.904037643927043000e+00 1.313550634391008609e-01
3.438596491228069681e+03 2.911884333859853680e+00 1.221445234218362236e-01
3.442982456140350678e+03 2.954182761304290583e+00 1.195880631713509834e-01
3.447368421052631220e+03 2.950512591305883170e+00 1.104343141143735441e-01
3.451754385964911762e+03 2.611370849071763089e+00 1.045440944393959265e-01
3.456140350877192759e+03 2.721259189633574049e+00 1.122588212553252557e-01
3.460526315789473301e+03 2.944003740330678021e+00 1.165915813583352084e-01
3.464912280701753843e+03 2.868583610994164257e+00 1.187821517578098590e-01
3.469298245614034840e+03 2.775812325974181594e+00 1.169879042277592596e-01
3.473684210526315383e+03 2.666458080550338838e+00 1.148416394476842461e-01
3.478070175438595925e+03 2.804739300143060277e+00 1.115988322634075547e-01
3.482456140350876922e+03 2.602364929919045000e+00 1.078494150318666384e-01
3.486842105263157464e+03 2.873770229687873989e+00 1.203029356409202749e-01
3.491228070175438006e+03 2.765287357013475500e+00 1.265663282824262548e-01
3.495614035087719003e+03 2.689955665508249716e+00 1.265936399656177880e-01
3.499999999999999545e+03 2.690007687761947430e+00 1.308533955059379694e-01
3.504385964912280542e+03 2.886387360284808690e+00 1.327833344143846683e-01
3.508771929824561084e+03 2.762911674094592041e+00 1.330169143334895554e-01
3.513157894736841627e+03 2.807490410326132668e+00 1.320130582446268075e-01
3.517543859649122624e+03 2.836245711057808094e+00 1.354045623707241519e-01
3.521929824561403166e+03 2.467628159878292760e+00 1.326121811997176270e-01
3.526315789473683708e+03 2.653146452866533611e+00 1.339293846633557994e-01
3.530701754385964705e+03 2.645871140686841372e+00 1.335571654381452478e-01
3.535087719298245247e+03 2.527786694054880545e+00 1.309755610983725505e-01
3.539473684210525789e+03 2.608706442644853851e+00 1.305707412608444751e-01
3.543859649122806786e+03 2.705890948853566957e+00 1.330884449323245511e-01
3.548245614035087328e+03 2.620317809670289932e+00 1.603372679006559165e-01
3.552631578947367871e+03 2.763213403166041360e+00 1.590682717254447154e-01
3.557017543859648868e+03 2.691343792644429467e+00 1.493244169040174874e-01
3.561403508771929410e+03 2.693414278341617507e+00 1.445433116778852833e-01
3.565789473684209952e+03 2.419412201075686664e+00 1.338596748434002226e-01
3.570175438596490949e+03 2.439668799628200269e+00 1.320468727095306105e-01
3.574561403508771491e+03 2.720367875020211823e+00 1.308534822096941441e-01
3.578947368421052033e+03 2.650135231414969539e+00 1.271842659526045971e-01
3.583333333333333030e+03 2.481364635967300281e+00 1.221603035054580205e-01
3.587719298245613572e+03 2.656720381695599098e+00 1.233532604865136828e-01
3.592105263157894569e+03 2.599703124604820559e+00 1.190720024146649236e-01
3.596491228070175111e+03 2.584614069919660473e+00 1.133870972342828354e-01
3.600877192982455654e+03 2.756845879313382763e+00 1.159067083883985466e-01
3.605263157894736651e+03 2.683821374759671308e+00 1.152205348621194031e-01
3.609649122807017193e+03 2.658248968916764099e+00 1.163958909806738495e-01
3.614035087719297735e+03 2.472944834206248110e+00 1.127575412607785682e-01
3.618421052631578732e+03 2.688623028776014223e+00 1.146966707673786195e-01
3.622807017543859274e+03 2.786661566982938876e+00 1.123730968059489521e-01
3.627192982456139816e+03 2.761985677978763931e+00 1.121963945508874239e-01
3.631578947368420813e+03 2.868497774275562406e+00 1.141653501496077694e-01
3.635964912280701355e+03 2.716754062463310859e+00 1.091674855330664468e-01
3.640350877192981898e+03 2.557207012596330209e+00 1.087316257508317702e-01
3.644736842105262895e+03 2.546472220545708431e+00 1.080982548120563019e-01
3.649122807017543437e+03 2.563642165378796633e+00 1.101360531931706022e-01
3.653508771929823979e+03 2.460187243524328160e+00 1.098021570281843690e-01
3.657894736842104976e+03 2.531459465165972311e+00 1.097721575285517531e-01
3.662280701754385518e+03 2.511735227676303417e+00 1.083471812960021402e-01
3.666666666666666060e+03 2.529728858192946017e+00 1.092592181070875940e-01
3.671052631578947057e+03 2.476973090717611292e+00 1.088849179917291132e-01
3.675438596491227599e+03 2.687929398726704999e+00 1.117124141839819229e-01
3.679824561403508596e+03 2.496963508738702320e+00 1.119787681229166554e-01
3.684210526315789139e+03 2.335057249666509183e+00 1.081981375391568301e-01
3.688596491228069681e+03 2.426942422298499658e+00 1.126103182828126908e-01
3.692982456140350678e+03 2.626498053409635158e+00 1.152461991739438391e-01
3.697368421052631220e+03 2.428546441787526877e+00 1.133142660791053719e-01
3.701754385964911762e+03 2.491498570987707328e+00 1.151894949174128019e-01
3.706140350877192759e+03 2.312588838294260984e+00 1.091455494827570510e-01
3.710526315789473301e+03 2.393948174927984063e+00 1.148730262074154768e-01
3.714912280701753843e+03 2.252860354748245086e+00 1.124324021751648695e-01
3.719298245614034840e+03 2.477612964438098420e+00 1.146622493761816491e-01
3.723684210526315383e+03 2.124874339162395209e+00 1.127649977838086487e-01
3.728070175438595925e+03 2.253554851835116057e+00 1.124129805337842347e-01
3.732456140350876922e+03 2.077521949771178988e+00 1.119429594716210702e-01
3.736842105263157464e+03 2.052930163410482844e+00 1.087099498117908708e-01
3.741228070175438006e+03 2.164788413312332072e+00 1.124162752765184431e-01
3.745614035087719003e+03 2.355312981181461485e+00 1.085644609089482515e-01
3.749999999999999545e+03 2.142221159658057150e+00 1.077820462133274731e-01
3.754385964912280087e+03 2.091410157433472694e+00 1.288071001567196450e-01
3.758771929824561084e+03 2.095021368877688417e+00 1.228913028736737523e-01
3.763157894736841627e+03 2.313456742893459150e+00 1.195661271210415738e-01
3.767543859649122169e+03 2.281612187329673525e+00 1.167428794128407693e-01
3.771929824561403166e+03 2.365394893948170818e+00 1.097464932167273172e-01
3.776315789473683708e+03 2.313225243864502012e+00 1.065690606645979949e-01
3.780701754385964705e+03 2.172493776122595310e+00 1.014348977433674193e-01
3.785087719298245247e+03 2.200711513566055544e+00 1.076134074075891789e-01
3.789473684210525789e+03 2.237429687263800204e+00 1.084939707551871996e-01
3.793859649122806786e+03 2.221060885137664531e+00 1.002673449628676966e-01
3.798245614035087328e+03 2.244535927118973095e+00 1.054178948940132088e-01
3.802631578947367871e+03 2.398226138257098405e+00 1.046045269574420039e-01
3.807017543859648868e+03 2.360824738960784597e+00 9.858399153695041051e-02
3.811403508771929410e+03 2.378925882135070058e+00 1.018664223377939021e-01
3.815789473684209952e+03 2.287414402692145021e+00 9.948189563578117844e-02
3.820175438596490949e+03 2.332261920567793467e+00 1.003270838508644458e-01
3.824561403508771491e+03 2.349568857335619487e+00 1.008104572914767932e-01
3.828947368421052033e+03 2.234757477498836575e+00 9.890132728450937161e-02
3.833333333333333030e+03 2.331823199561604998e+00 9.813391233870490116e-02
3.837719298245613572e+03 2.347777557733278453e+00 9.600273401220237035e-02
3.842105263157894115e+03 2.285269351764656065e+00 9.709667530371914046e-02
3.846491228070175111e+03 2.208838256631274977e+00 9.041172899974550536e-02
3.850877192982455654e+03 2.193815096800798781e+00 9.267296296049351567e-02
3.855263157894736196e+03 2.299604950808753934e+00 9.403976097265730194e-02
3.859649122807017193e+03 2.262622330654710634e+00 9.425825443818970639e-02
3.864035087719297735e+03 2.108411029942041104e+00 9.238337241490691965e-02
3.868421052631578732e+03 2.097658030102625304e+00 9.501023611539705094e-02
3.872807017543859274e+03 2.247848010604424296e+00 9.595244583362745605e-02
3.877192982456139816e+03 2.113100836112933312e+00 9.686769068369094349e-02
3.881578947368420813e+03 2.302696806753549819e+00 9.822235016999181223e-02
3.885964912280701355e+03 2.021523461815323497e+00 9.717470868426643371e-02
3.890350877192981898e+03 2.224074707701912956e+00 9.815749576038140800e-02
3.894736842105262895e+03 2.178097439883452502e+00 1.007023377075407233e-01
3.899122807017543437e+03 2.242200994965485972e+00 1.012599295634291768e-01
3.903508771929823979e+03 2.203917818468987377e+00 1.022670803950261331e-01
3.907894736842104976e+03 2.185102236343913873e+00 1.004863586509370799e-01
3.912280701754385518e+03 2.028638372046112526e+00 1.003760714730969200e-01
3.916666666666666060e+03 2.137964005230421627e+00 1.039272839180477165e-01
3.921052631578947057e+03 2.222479358588501874e+00 1.054638478847799293e-01
3.925438596491227599e+03 2.173909648460748301e+00 1.068008198048234353e-01
3.929824561403508142e+03 1.979080239098093275e+00 1.037748587147120233e-01
3.934210526315789139e+03 1.999055050443075077e+00 1.067097808608516024e-01
3.938596491228069681e+03 1.979339483329022320e+00 1.059407185436800208e-01
3.942982456140350223e+03 2.025223978128388058e+00 1.072045124935213783e-01
3.947368421052631220e+03 2.212323747629053816e+00 1.091888146570827167e-01
3.951754385964911762e+03 1.801693891400441672e+00 1.073796540809719702e-01
3.956140350877192759e+03 1.939176569398896266e+00 1.635737457107326598e-01
3.960526315789473301e+03 1.952148318358539969e+00 1.553955873181086522e-01
3.964912280701753843e+03 1.909981680623471512e+00 1.480548138025131466e-01
3.969298245614034840e+03 1.761446874826836595e+00 1.387611248830875887e-01
3.973684210526315383e+03 1.828642285853665950e+00 1.336975388193742120e-01
3.978070175438595925e+03 1.908346447782224953e+00 1.301119916869825921e-01
3.982456140350876922e+03 1.903397397380403921e+00 1.274422096271914662e-01
3.986842105263157464e+03 1.967478409485835078e+00 1.239344357640786293e-01
3.991228070175438006e+03 1.933578107863409112e+00 1.180439559778325292e-01
3.995614035087719003e+03 2.006068517279152807e+00 1.167837168819938626e-01
3.999999999999999545e+03 1.923895899412614297e+00 1.132587756751606417e-01
4.004385964912280087e+03 1.964235689005314311e+00 1.094731162735433083e-01
4.008771929824561084e+03 2.094692761641828493e+00 1.083863713937881224e-01
4.013157894736841627e+03 2.073059307441436072e+00 1.066031352407703081e-01
4.017543859649122169e+03 2.124920292153162027e+00 1.031022976781505729e-01
4.021929824561403166e+03 2.011514380203791585e+00 9.988402765686818507e-02
4.026315789473683708e+03 2.059897677255793980e+00 9.937030790159856464e-02
4.030701754385964250e+03 2.038898027512957345e+00 9.703381508050049065e-02
4.035087719298245247e+03 1.894111425095277079e+00 9.381415779911948805e-02
4.039473684210525789e+03 1.894062003954263718e+00 9.237288126041111325e-02
4.043859649122806786e+03 1.952662471632590435e+00 9.291391269887230853e-02
4.048245614035087328e+03 1.902091638812579477e+00 9.075412213283576279e-02
4.052631578947367871e+03 2.021281558335627171e+00 9.118295891082117688e-02
4.057017543859648868e+03 1.839003384715222289e+00 8.866776964826983409e-02
4.061403508771929410e+03 1.954752032156134467e+00 8.860057423724300441e-02
4.065789473684209952e+03 2.020236778073854822e+00 8.812951273000588226e-02
4.070175438596490949e+03 1.949582754213657454e+00 8.724470089835582864e-02
4.074561403508771491e+03 1.920338444297219560e+00 8.600348460661946803e-02
4.078947368421052033e+03 1.977627084144790270e+00 8.656532494655992671e-02
4.083333333333333030e+03 1.925672459376407630e+00 8.647896800542093088e-02
4.087719298245613572e+03 1.892930519936327993e+00 8.750550579689608810e-02
4.092105263157894115e+03 1.781716478942774851e+00 8.406662673843090516e-02
4.096491228070174657e+03 1.758557038633902003e+00 8.405504311660744188e-02
4.100877192982456108e+03 2.026229741699886233e+00 8.760504170897195908e-02
4.105263157894736651e+03 1.850947694164326585e+00 8.523714478739141676e-02
4.109649122807017193e+03 1.980924427991693992e+00 8.791197300579127460e-02
4.114035087719297735e+03 1.949492582307247091e+00 8.741507377921739486e-02
4.118421052631578277e+03 1.858237745982566524e+00 8.764995425466473589e-02
4.122807017543858819e+03 1.987350043360982088e+00 8.784443077973980163e-02
4.127192982456140271e+03 1.866549168048414087e+00 8.649245043950437584e-02
4.131578947368420813e+03 1.836695330726145770e+00 8.753082329369586689e-02
4.135964912280701355e+03 1.746843361176192877e+00 8.715713010463053967e-02
4.140350877192981898e+03 1.776229865252739071e+00 8.870227774322295144e-02
4.144736842105262440e+03 1.781125159325738672e+00 8.896585716196045435e-02
4.149122807017542982e+03 1.786033458962162923e+00 8.802347403621774147e-02
4.153508771929824434e+03 1.782873974087559654e+00 8.842959443008827081e-02
4.157894736842104976e+03 1.683437771331276478e+00 8.863421529463449966e-02
4.162280701754385518e+03 1.648184024075136200e+00 8.918096918100247572e-02
4.166666666666666060e+03 1.737619815595503825e+00 9.000734268099824797e-02
4.171052631578946603e+03 1.736796129911948983e+00 8.991222866048671769e-02
4.175438596491228054e+03 1.679719914266979197e+00 9.067296741706659668e-02
4.179824561403508596e+03 1.724975806834158298e+00 8.996269024657395363e-02
4.184210526315789139e+03 1.730682648064850060e+00 9.110596597534784125e-02
4.188596491228069681e+03 1.532142317938390841e+00 9.036412863761164593e-02
4.192982456140350223e+03 1.664168728561466803e+00 9.164977193400627997e-02
4.197368421052630765e+03 1.754759414113933991e+00 9.156471554920972422e-02
4.201754385964912217e+03 1.824014906387211754e+00 1.505981817858176863e-01
4.206140350877192759e+03 1.761806695414915636e+00 1.444502785475216822e-01
4.210526315789473301e+03 1.692227798131147321e+00 1.366783272525243509e-01
4.214912280701753843e+03 1.431300647294694972e+00 1.286674204055399950e-01
4.219298245614034386e+03 1.691735320796138087e+00 1.266016167111848612e-01
4.223684210526314928e+03 1.520874297787362828e+00 1.210126925888759392e-01
4.228070175438596380e+03 1.741055885452269081e+00 1.202296709669619934e-01
4.232456140350876922e+03 1.749644759537840377e+00 1.159129510588423201e-01
4.236842105263157464e+03 1.655593727076881683e+00 1.115334576312601439e-01
4.241228070175438006e+03 1.678323983792744389e+00 1.097523890721464335e-01
4.245614035087718548e+03 1.731562691189910907e+00 1.065745230012362932e-01
4.249999999999999091e+03 1.601517461395174369e+00 1.028358570354596935e-01
4.254385964912280542e+03 1.547123859965908066e+00 9.968027382988361995e-02
4.258771929824561084e+03 1.766500836773615912e+00 9.853621776730424331e-02
4.263157894736841627e+03 1.590788738607484154e+00 9.345520424860198627e-02
4.267543859649122169e+03 1.658855522383758219e+00 9.256276248640951665e-02
4.271929824561402711e+03 1.610666441745562727e+00 9.068874750068836588e-02
4.276315789473684163e+03 1.626658082532386640e+00 9.019783083328977713e-02
4.280701754385964705e+03 1.719131973668728275e+00 8.995575394608085196e-02
4.285087719298245247e+03 1.724967136458541939e+00 8.729628963327321078e-02
4.289473684210525789e+03 1.804667830236854842e+00 8.570245783559489461e-02
4.293859649122806331e+03 1.622796297232857565e+00 8.525563002820552017e-02
4.298245614035086874e+03 1.610564998350851429e+00 8.307020983184698615e-02
4.302631578947368325e+03 1.778413065832939788e+00 8.322103968606929525e-02
4.307017543859648868e+03 1.671269766191269879e+00 8.000699213771207685e-02
4.311403508771929410e+03 1.748979741728065251e+00 8.073431526666646763e-02
4.315789473684209952e+03 1.575479456381668530e+00 7.509085448173059840e-02
4.320175438596490494e+03 1.653294343463421967e+00 7.730499096213051813e-02
4.324561403508771036e+03 1.547645816578013367e+00 7.618529865503313736e-02
4.328947368421052488e+03 1.589573151946069851e+00 7.437531439323884219e-02
4.333333333333333030e+03 1.543181440173146735e+00 7.338857362584279287e-02
4.337719298245613572e+03 1.718749610104046699e+00 7.533236779452444354e-02
4.342105263157894115e+03 1.632039784677464356e+00 7.438231138636124118e-02
4.346491228070174657e+03 1.499078707562944368e+00 7.186053263834146776e-02
4.350877192982456108e+03 1.640096297700190942e+00 7.331237836492617010e-02
4.355263157894736651e+03 1.513048416756031855e+00 7.238170024626555676e-02
4.359649122807017193e+03 1.653031631082245712e+00 7.322516305660116409e-02
4.364035087719297735e+03 1.581049305677621364e+00 7.318225336767576750e-02
4.368421052631578277e+03 1.659474587202766749e+00 7.290188810174498546e-02
4.372807017543858819e+03 1.686797541882617990e+00 7.223900320437140476e-02
4.377192982456140271e+03 1.633460859240986496e+00 7.312803750894664168e-02
4.381578947368420813e+03 1.495071259953060228e+00 7.202243456222584550e-02
4.385964912280701355e+03 1.520550025739310751e+00 7.208606644887434467e-02
4.390350877192981898e+03 1.558354597501785843e+00 7.217198987123252252e-02
4.394736842105262440e+03 1.561930260405974602e+00 7.306194323562308079e-02
4.399122807017542982e+03 1.517809320006977769e+00 7.260016770067109770e-02
4.403508771929824434e+03 1.484656404762682458e+00 7.248840655897614837e-02
4.407894736842104976e+03 1.538682382265814885e+00 7.399183235010263482e-02
4.412280701754385518e+03 1.510512331888244963e+00 7.485345959735452415e-02
4.416666666666666060e+03 1.510943249556378154e+00 7.541873340603906517e-02
4.421052631578946603e+03 1.477685422767125223e+00 7.454482890691438435e-02
4.425438596491227145e+03 1.595174214594241580e+00 7.866090765289578124e-02
4.429824561403508596e+03 1.515435371163216915e+00 7.586696581427827824e-02
4.434210526315789139e+03 1.486122565279409891e+00 7.596955369857112672e-02
4.438596491228069681e+03 1.491913509153580009e+00 7.687543454296895395e-02
4.442982456140350223e+03 1.453402301778371264e+00 7.570000039103394474e-02
4.447368421052630765e+03 1.500045454444168813e+00 7.686640001157668545e-02
4.451754385964912217e+03 1.598602481112952667e+00 7.808193465073737238e-02
4.456140350877192759e+03 1.422690964307644634e+00 7.609686082374619853e-02
4.460526315789473301e+03 1.414214805105086237e+00 7.685629902398362356e-02
4.464912280701753843e+03 1.442977042137254085e+00 7.770637733091452504e-02
4.469298245614034386e+03 1.394324096403583013e+00 7.734354812249649713e-02
4.473684210526314928e+03 1.426599569635502052e+00 7.725712181835257819e-02
4.478070175438596380e+03 1.420045632707091610e+00 7.813821405886318960e-02
4.482456140350876922e+03 1.548740017980798633e+00 7.950361614055276305e-02
4.486842105263157464e+03 1.393961674702818954e+00 1.290059118696028906e-01
4.491228070175438006e+03 1.179044739112169449e+00 1.209144572331425221e-01
4.495614035087718548e+03 1.218281656926468060e+00 1.163347648325784717e-01
4.499999999999999091e+03 1.432519702106356041e+00 1.156954113346277124e-01
4.504385964912280542e+03 1.206939071545139353e+00 1.095688372203479921e-01
4.508771929824561084e+03 1.396552382936988801e+00 1.076898801205255080e-01
4.513157894736841627e+03 1.291269745902590804e+00 1.037644542639723916e-01
4.517543859649122169e+03 1.451084710376116860e+00 1.027280842665482669e-01
4.521929824561402711e+03 1.238162828214792954e+00 9.742112075928352488e-02
4.526315789473684163e+03 1.447548064162201609e+00 9.762556821631740434e-02
4.530701754385964705e+03 1.486890760559019808e+00 9.312330227000750749e-02
4.535087719298245247e+03 1.411399534142452339e+00 8.868901206852992936e-02
4.539473684210525789e+03 1.445612836324629003e+00 8.847702138470979472e-02
4.543859649122806331e+03 1.353670439213570331e+00 8.636914902786405057e-02
4.548245614035086874e+03 1.438216138886307949e+00 8.278130424593410641e-02
4.552631578947368325e+03 1.478155357125531921e+00 8.379202727228501901e-02
4.557017543859648868e+03 1.426421826935366566e+00 8.160842785480593164e-02
4.561403508771929410e+03 1.385386673218234055e+00 8.173548353908813291e-02
4.565789473684209952e+03 1.374983089516157442e+00 7.796354934207153087e-02
4.570175438596490494e+03 1.270770376832819126e+00 7.560134885727094745e-02
4.574561403508771036e+03 1.388225354195031569e+00 7.518414772336268204e-02
4.578947368421052488e+03 1.271607068079797953e+00 7.360478678258809693e-02
4.583333333333333030e+03 1.436011262367066443e+00 7.352202804732987929e-02
4.587719298245613572e+03 1.434713307137296390e+00 7.268638591580023345e-02
4.592105263157894115e+03 1.327063657559630849e+00 7.014823749861676117e-02
4.596491228070174657e+03 1.440466968396316272e+00 7.198202194147797217e-02
4.600877192982455199e+03 1.392929032966909730e+00 6.991599281735680349e-02
4.605263157894736651e+03 1.434670822296776338e+00 6.942156464783358349e-02
4.609649122807017193e+03 1.260867073803806804e+00 6.776371946697964943e-02
4.614035087719297735e+03 1.397519129818213468e+00 6.780881409056035980e-02
4.618421052631578277e+03 1.374241772400958128e+00 6.495078950576232968e-02
4.622807017543858819e+03 1.391566916957578837e+00 6.541386559705676673e-02
4.627192982456140271e+03 1.386077702154858038e+00 6.650329829325303532e-02
4.631578947368420813e+03 1.468506963139641019e+00 6.659094712035887320e-02
4.635964912280701355e+03 1.395604710882120125e+00 6.566158689879193766e-02
4.640350877192981898e+03 1.367578588739781553e+00 6.591121568316270218e-02
4.644736842105262440e+03 1.346089929812182451e+00 6.505076760699463057e-02
4.649122807017542982e+03 1.194844764597871478e+00 6.310822197240172071e-02
4.653508771929824434e+03 1.356122421437878423e+00 6.556500758480124369e-02
4.657894736842104976e+03 1.327376658119381769e+00 6.504513186284398285e-02
4.662280701754385518e+03 1.243766491975649924e+00 6.385354480113571152e-02
4.666666666666666060e+03 1.303837455358511921e+00 6.467371031219014410e-02
4.671052631578946603e+03 1.330819664276640335e+00 6.450798475265893950e-02
4.675438596491227145e+03 1.267420143694655499e+00 6.346355997628722045e-02
4.679824561403508596e+03 1.398178078365057253e+00 6.565929791962921147e-02
4.684210526315789139e+03 1.312076913306743808e+00 6.454101021338166932e-02
4.688596491228069681e+03 1.362525493830563983e+00 6.569349388106014709e-02
4.692982456140350223e+03 1.347207541229131778e+00 6.577886239937888457e-02
4.697368421052630765e+03 1.249292989393521180e+00 6.550771374272829073e-02
4.701754385964912217e+03 1.395782453582255611e+00 6.700950950323890376e-02
4.706140350877192759e+03 1.252925876776777914e+00 6.531151181290556496e-02
4.710526315789473301e+03 1.366682938938611258e+00 6.646031924132271562e-02
4.714912280701753843e+03 1.383532946911454786e+00 6.785373530662874852e-02
4.719298245614034386e+03 1.378446037537333746e+00 6.811758350701035969e-02
4.723684210526314928e+03 1.264608340882268145e+00 6.755617668585071900e-02
4.728070175438596380e+03 1.319898459150266712e+00 6.861402320367657182e-02
4.732456140350876922e+03 1.440430552818727561e+00 7.005845575910929490e-02
4.736842105263157464e+03 1.329060445064079721e+00 7.014932129556880613e-02
4.741228070175438006e+03 1.325525532925287742e+00 6.988993833862962302e-02
4.745614035087718548e+03 1.257867990878106079e+00 7.071801123224619179e-02
4.749999999999999091e+03 1.313723417636291524e+00 7.283516956137706111e-02
4.754385964912280542e+03 1.420157480552542539e+00 7.541285489137115883e-02
4.758771929824561084e+03 1.269722995458361980e+00 7.474698738478556537e-02
4.763157894736841627e+03 1.378793719599549883e+00 7.526042968803546562e-02
4.767543859649122169e+03 1.271809954869220993e+00 7.301925030608810707e-02
4.771929824561402711e+03 1.317002553694400779e+00 7.552703506786308252e-02
4.776315789473683253e+03 1.399360717599129389e+00 7.682192098466474051e-02
4.780701754385964705e+03 1.407029664831804361e+00 7.923088080516438314e-02
4.785087719298245247e+03 1.310173765858951622e+00 7.898126936154484246e-02
4.789473684210525789e+03 1.327249203597821170e+00 8.237354515107206399e-02
4.793859649122806331e+03 1.355872714620127040e+00 8.348415957489911665e-02
4.798245614035086874e+03 1.301829396365761893e+00 8.543197679786676546e-02
4.802631578947368325e+03 1.341633356745370875e+00 8.652121007542384890e-02
4.807017543859648868e+03 1.308450962223979941e+00 8.849609621106581392e-02
4.811403508771929410e+03 1.318988069710548494e+00 8.989107294398276937e-02
4.815789473684209952e+03 1.267629966784571405e+00 1.531119837882704282e-01
4.820175438596490494e+03 1.386192151112993987e+00 1.497071272837238454e-01
4.824561403508771036e+03 1.235890322765743843e+00 1.411997547289464139e-01
4.828947368421052488e+03 1.321665481700881939e+00 1.364724925353918705e-01
4.833333333333333030e+03 1.512903621483238314e+00 1.347766537685869959e-01
4.837719298245613572e+03 1.295712446368416204e+00 1.256331357548368666e-01
4.842105263157894115e+03 1.161831442400999892e+00 1.216409480060377385e-01
4.846491228070174657e+03 1.244210415207207765e+00 1.194270542961550913e-01
4.850877192982455199e+03 1.316133782057640866e+00 1.174554108809936770e-01
4.855263157894736651e+03 1.231699930230354623e+00 1.158682986244180396e-01
4.859649122807017193e+03 1.269464618264994460e+00 1.167149608033560826e-01
4.864035087719297735e+03 1.458424183335369939e+00 1.193483272855584837e-01
4.868421052631578277e+03 1.210154046823687324e+00 1.118399554092986553e-01
4.872807017543858819e+03 1.168189428840480160e+00 1.073063894070136887e-01
4.877192982456140271e+03 1.174936715145135535e+00 1.067286822796952722e-01
4.881578947368420813e+03 1.185860521384193955e+00 1.060952246371636432e-01
4.885964912280701355e+03 1.255441152743085542e+00 1.051541420677633842e-01
4.890350877192981898e+03 1.249682289258695844e+00 1.139029845834565735e-01
4.894736842105262440e+03 1.287629055181279236e+00 1.057063582907696725e-01
4.899122807017542982e+03 1.196406299246378646e+00 9.588403657001433322e-02
4.903508771929824434e+03 1.098559376340575655e+00 9.272914699448756015e-02
4.907894736842104976e+03 1.218714308669724744e+00 9.007974031739487963e-02
4.912280701754385518e+03 1.240122333104091590e+00 9.063889284089425569e-02
4.916666666666666060e+03 1.162256290806201520e+00 1.031590019346816101e-01
4.921052631578946603e+03 1.165226761492368368e+00 9.590883384427713321e-02
4.925438596491227145e+03 1.257663370013559767e+00 9.077510444182737559e-02
4.929824561403508596e+03 1.189758722261311741e+00 8.541878048617865260e-02
4.934210526315789139e+03 1.032524928608777426e+00 8.081840923976960078e-02
4.938596491228069681e+03 1.188569146726746295e+00 7.865339910761198761e-02
4.942982456140350223e+03 1.152002704602288263e+00 7.585898906871123282e-02
4.947368421052630765e+03 1.050651215872350219e+00 7.335610306915950340e-02
4.951754385964911307e+03 1.145981995774284501e+00 7.219284212458988714e-02
4.956140350877192759e+03 1.175655489283732313e+00 7.104481502997822551e-02
4.960526315789473301e+03 1.130375319664827183e+00 6.891835338781097942e-02
4.964912280701753843e+03 1.035680078295572626e+00 6.702769128090640960e-02
4.969298245614034386e+03 1.034083862144599797e+00 6.680120372905572201e-02
4.973684210526314928e+03 1.178397929091188567e+00 6.776952861864260491e-02
4.978070175438596380e+03 1.189253239362877634e+00 6.786072362937553559e-02
4.982456140350876922e+03 1.096360569084265268e+00 6.697744645420956877e-02
4.986842105263157464e+03 1.132098990337360611e+00 6.767869776368556911e-02
4.991228070175438006e+03 1.043036892006058425e+00 6.803198955892560129e-02
4.995614035087718548e+03 1.086340215984432200e+00 6.960728409353611479e-02
4.999999999999999091e+03 1.014171477504055785e+00 7.061920363172208281e-02
5.004385964912280542e+03 1.127008612812992583e+00 7.284362317760301186e-02
5.008771929824561084e+03 1.150572959663149541e+00 7.476359115409089706e-02
5.013157894736841627e+03 1.023995880114959123e+00 7.652945187437350250e-02
5.017543859649122169e+03 1.183558536658048999e+00 8.018770010630835166e-02
5.021929824561402711e+03 1.122663020554070412e+00 8.230675724769920265e-02
5.026315789473683253e+03 1.128186916859256650e+00 8.444642387193015964e-02
5.030701754385964705e+03 8.567139881606193885e-01 8.488505817436206580e-02
5.035087719298245247e+03 9.674173440303687199e-01 8.716354618258664866e-02
5.039473684210525789e+03 9.646714360726660331e-01 8.853892786661064773e-02
5.043859649122806331e+03 8.754177224402422963e-01 8.876496455892927961e-02
5.048245614035086874e+03 9.224206956941188862e-01 8.962194448485080733e-02
5.052631578947367416e+03 1.046658507901014223e+00 9.099273086979813019e-02
5.057017543859648868e+03 1.070522849747497451e+00 9.040323203164146726e-02
5.061403508771929410e+03 9.543588913145613084e-01 8.865363693601514827e-02
5.065789473684209952e+03 1.086446861604513536e+00 8.769798813557938555e-02
5.070175438596490494e+03 9.372305642844321882e-01 8.470717674821671983e-02
5.074561403508771036e+03 1.176411546037479328e+00 8.210325486160750807e-02
5.078947368421052488e+03 9.043611703227921739e-01 7.465918249091862968e-02
5.083333333333333030e+03 1.122337881468456811e+00 7.645006591523006989e-02
5.087719298245613572e+03 9.864661592595228568e-01 7.356514582527007295e-02
5.092105263157894115e+03 9.434506917516124469e-01 7.127624469593023260e-02
5.096491228070174657e+03 9.936166180303391826e-01 7.053167618987488119e-02
5.100877192982455199e+03 9.198958823146333730e-01 6.845153169425026440e-02
5.105263157894736651e+03 1.090599971524752521e+00 6.892927806108760380e-02
5.109649122807017193e+03 9.841901856602270904e-01 6.663294641984454647e-02
5.114035087719297735e+03 9.806925561365853472e-01 6.561711654225559076e-02
5.118421052631578277e+03 1.045885110396034490e+00 6.578335365394816225e-02
5.122807017543858819e+03 1.057747051276783479e+00 6.530800031078094758e-02
5.127192982456139362e+03 1.001109556638001941e+00 6.458659037799691083e-02
5.131578947368420813e+03 9.307026384828708254e-01 6.377887552632756363e-02
5.135964912280701355e+03 9.279567305251680276e-01 6.390095441500598383e-02
5.140350877192981898e+03 1.039175106706529572e+00 6.552926829651058160e-02
5.144736842105262440e+03 9.900903762671635633e-01 6.704537017678818822e-02
5.149122807017542982e+03 9.624466176895066782e-01 6.713907092607424021e-02
5.153508771929824434e+03 9.090639820571085883e-01 6.685351210514925424e-02
5.157894736842104976e+03 1.118275810492189715e+00 6.877171999538701785e-02
5.162280701754385518e+03 1.011827874974952302e+00 6.895185571919261458e-02
5.166666666666666060e+03 9.756654723542169672e-01 7.765193604241936443e-02
5.171052631578946603e+03 9.521375410816486085e-01 7.550678107042324561e-02
5.175438596491227145e+03 9.871320441068597296e-01 7.086558102523671243e-02
5.179824561403508596e+03 8.801040604608876272e-01 7.135250931985177847e-02
5.184210526315789139e+03 9.565238841059676700e-01 7.150808186953622192e-02
5.188596491228069681e+03 9.592689250261089429e-01 7.337675590387769675e-02
5.192982456140350223e+03 7.988250115053716627e-01 7.121776301239785001e-02
5.197368421052630765e+03 8.999401457960075623e-01 7.268217211325068983e-02
5.201754385964911307e+03 1.087801174275789817e+00 7.325133892058696694e-02
5.206140350877192759e+03 9.993633429888658659e-01 7.404417540769862860e-02
5.210526315789473301e+03 9.135144858609887120e-01 7.192211831634449937e-02
5.214912280701753843e+03 9.486390445204452293e-01 7.243820508415739490e-02
5.219298245614034386e+03 9.277286996464576552e-01 7.113940882795276310e-02
5.223684210526314928e+03 9.122607495468623151e-01 7.180240644020934038e-02
5.228070175438595470e+03 8.842502340806331906e-01 7.016289043340841192e-02
5.232456140350876922e+03 8.933090425246115185e-01 6.982435561746744290e-02
5.236842105263157464e+03 1.018489324561005605e+00 7.034795960093971623e-02
5.241228070175438006e+03 9.589299133395090546e-01 6.985265572347924834e-02
5.245614035087718548e+03 8.593974694138845072e-01 6.767156204455329616e-02
5.249999999999999091e+03 8.962248898443950784e-01 6.685208149317255211e-02
5.254385964912280542e+03 9.157670494461204180e-01 6.678799007661638532e-02
5.258771929824561084e+03 8.553518721512884948e-01 6.613687087895421535e-02
5.263157894736841627e+03 9.601992563297447880e-01 6.871588277641763054e-02
5.267543859649122169e+03 9.177274213729805785e-01 6.733416304781807138e-02
5.271929824561402711e+03 8.387364845426233950e-01 6.455406779905992209e-02
5.276315789473683253e+03 9.926429348486214277e-01 6.465462681545852686e-02
5.280701754385964705e+03 9.489572473055658541e-01 6.332406230299551797e-02
5.285087719298245247e+03 8.463391901055893340e-01 6.148465078635929199e-02
5.289473684210525789e+03 8.741969335534579555e-01 6.131580389160619371e-02
5.293859649122806331e+03 9.366704580196149044e-01 6.092607050765058013e-02
5.298245614035086874e+03 8.530767655895542534e-01 5.960591044592722376e-02
5.302631578947367416e+03 9.192568756317073264e-01 5.942312158718300596e-02
5.307017543859648868e+03 1.048768010288475772e+00 5.993939910325946779e-02
5.311403508771929410e+03 9.386707136743104307e-01 5.857539295204414187e-02
5.315789473684209952e+03 8.777067016029626023e-01 5.767563339283147961e-02
5.320175438596490494e+03 8.636745657054373249e-01 5.739031734242375227e-02
5.324561403508771036e+03 8.484111497666321222e-01 5.691036002980424946e-02
5.328947368421052488e+03 9.175756897996940609e-01 5.691864890889349049e-02
5.333333333333333030e+03 9.452480606168849331e-01 5.733714192876858406e-02
5.337719298245613572e+03 8.925824650479601274e-01 5.700470238688590957e-02
5.342105263157894115e+03 9.447087632535469126e-01 5.753271092117131363e-02
5.346491228070174657e+03 8.820514268243231371e-01 5.712133627967725530e-02
5.350877192982455199e+03 8.128548064014804453e-01 5.681484717201436968e-02
5.355263157894736651e+03 9.023262331656312085e-01 5.815835655527260006e-02
5.359649122807017193e+03 9.120396549686450305e-01 5.882020967794782812e-02
5.364035087719297735e+03 8.476344575189180830e-01 5.831430193110855031e-02
5.368421052631578277e+03 9.254683327232712253e-01 5.936226422073174330e-02
5.372807017543858819e+03 8.523970081412313160e-01 5.903718582774736962e-02
5.377192982456139362e+03 7.913126512563283255e-01 5.905478669024858546e-02
5.381578947368420813e+03 7.165643893263271558e-01 5.887520587048243603e-02
5.385964912280701355e+03 8.484444440089988770e-01 6.042107315025101871e-02
5.390350877192981898e+03 8.311574491050901514e-01 6.097374890316497459e-02
5.394736842105262440e+03 9.601238240618825692e-01 6.129691114313813582e-02
5.399122807017542982e+03 8.479843938787945401e-01 6.070135171242563299e-02
5.403508771929823524e+03 7.804569941696146707e-01 6.005895491263352898e-02
5.407894736842104976e+03 7.905137628470363387e-01 5.993044260524776207e-02
5.412280701754385518e+03 7.707428787365514511e-01 6.062338769488327672e-02
5.416666666666666060e+03 7.743941473161151112e-01 6.001089502059200886e-02
5.421052631578946603e+03 7.460789548507270608e-01 5.953724974142122345e-02
5.425438596491227145e+03 7.656594375126766217e-01 5.942866195720186706e-02
5.429824561403508596e+03 8.367820084711824480e-01 5.938614243517920804e-02
5.434210526315789139e+03 7.725130226223886343e-01 5.892589288633569983e-02
5.438596491228069681e+03 7.908482659383158087e-01 5.850153002216833265e-02
5.442982456140350223e+03 7.490365933809814969e-01 5.784551206228291664e-02
5.447368421052630765e+03 8.224929693441441758e-01 5.748349786917282545e-02
5.451754385964911307e+03 8.935327382155138221e-01 5.775042405289824293e-02
5.456140350877192759e+03 7.541906981661297138e-01 6.011285863784046613e-02
5.460526315789473301e+03 7.714216824435567998e-01 5.773769594149341655e-02
5.464912280701753843e+03 8.400734564626668455e-01 5.700993929375819391e-02
5.469298245614034386e+03 8.030042192562157899e-01 6.075711089801447140e-02
5.473684210526314928e+03 7.017356193171702117e-01 5.512735797692808193e-02
5.478070175438595470e+03 7.883896942285393283e-01 5.410639523697424041e-02
5.482456140350876922e+03 8.733628434191635925e-01 5.356495629085909066e-02
5.486842105263157464e+03 7.966229095063273036e-01 5.243668898227711594e-02
5.491228070175438006e+03 7.741831970773689342e-01 5.399937679074145319e-02
5.495614035087718548e+03 8.416640368694890961e-01 5.279252119757274486e-02
5.499999999999999091e+03 8.124915176631548608e-01 5.151839215999665794e-02
5.504385964912280542e+03 7.821941039243534011e-01 5.017982489083975400e-02
5.508771929824561084e+03 7.094468779828531080e-01 4.898216856620001697e-02
5.513157894736841627e+03 7.832606468289223800e-01 5.128071115322524465e-02
5.517543859649122169e+03 7.665597693166800175e-01 5.071855000938698538e-02
5.521929824561402711e+03 7.283839320703122677e-01 4.956813856148081093e-02
5.526315789473683253e+03 7.070327852999884755e-01 5.571016328510890875e-02
5.530701754385964705e+03 7.864676453619035001e-01 5.297564820096599403e-02
5.535087719298245247e+03 8.214515705288626402e-01 5.110278637520182521e-02
5.539473684210525789e+03 8.784514868684082378e-01 5.179992792663565271e-02
5.543859649122806331e+03 9.023010890763437652e-01 5.364954447537234605e-02
5.548245614035086874e+03 7.786705499776187533e-01 5.193991114096186551e-02
5.552631578947367416e+03 7.895712930175374789e-01 5.518453910411801056e-02
5.557017543859648868e+03 7.434321492863192882e-01 5.268473975828571326e-02
5.561403508771929410e+03 7.831897231563804684e-01 5.371242203934222664e-02
5.565789473684209952e+03 6.799171393011245179e-01 5.323206588944437434e-02
5.570175438596490494e+03 7.775640366414581228e-01 5.567934877016834927e-02
5.574561403508771036e+03 8.207789227885450289e-01 5.741759434411283780e-02
5.578947368421051578e+03 8.389839370627145687e-01 5.584079983452068519e-02
5.583333333333333030e+03 6.716067576803509409e-01 5.881999291855742606e-02
5.587719298245613572e+03 6.457576801515254594e-01 5.462547328437478839e-02
5.592105263157894115e+03 3.818656076693009993e-01 5.244007042876750596e-02
5.596491228070174657e+03 6.545590651434538554e-01 5.575950639274163817e-02
5.600877192982455199e+03 7.545331780029761459e-01 5.692721524000245864e-02
5.605263157894736651e+03 6.418112719859807580e-01 5.519883655350939916e-02
5.609649122807017193e+03 6.715680878051019098e-01 5.516549895926446678e-02
5.614035087719297735e+03 7.385809874252068363e-01 5.538845766823929928e-02
5.618421052631578277e+03 7.138302730794625628e-01 5.494838408345507214e-02
5.622807017543858819e+03 7.212779523264077897e-01 5.431362588458098217e-02
5.627192982456139362e+03 6.997846980997319832e-01 5.422322854840475742e-02
5.631578947368420813e+03 6.628123956926719185e-01 5.375109191459121610e-02
5.635964912280701355e+03 7.023148871120996617e-01 5.348668881017016458e-02
5.640350877192981898e+03 7.204775032495049913e-01 5.272745002857191776e-02
5.644736842105262440e+03 7.024400006322437662e-01 5.246246600898457624e-02
5.649122807017542982e+03 7.353689600743682497e-01 5.212801493995890961e-02
5.653508771929823524e+03 7.620809133845342087e-01 5.220351657082621805e-02
5.657894736842104976e+03 7.001246635276496821e-01 5.133916682563078454e-02
5.662280701754385518e+03 7.343070991726320385e-01 5.103898975141660938e-02
5.666666666666666060e+03 7.253093301729930387e-01 5.375182889651860391e-02
5.671052631578946603e+03 7.261148947715094781e-01 5.529340434035708712e-02
5.675438596491227145e+03 6.220467172496957353e-01 5.255314946755613309e-02
5.679824561403508596e+03 8.245149876416367762e-01 5.135462610535476008e-02
5.684210526315789139e+03 7.860953394329368571e-01 5.073639364240546679e-02
5.688596491228069681e+03 7.163496241223097361e-01 4.867958112756448630e-02
5.692982456140350223e+03 8.366386004584878133e-01 4.902827762372784226e-02
5.697368421052630765e+03 7.245648917225717689e-01 4.700463796599508443e-02
5.701754385964911307e+03 7.680183866066210285e-01 5.029718709518287562e-02
5.706140350877192759e+03 7.982020450173359372e-01 4.829042865877516966e-02
5.710526315789473301e+03 7.333262195791525606e-01 4.604188812792952418e-02
5.714912280701753843e+03 7.611882982148294730e-01 4.608361864577108225e-02
5.719298245614034386e+03 8.059084482726733834e-01 4.651412013587484517e-02
5.723684210526314928e+03 7.895912348814552173e-01 4.627090742946018964e-02
5.728070175438595470e+03 7.575725781752928878e-01 4.551874367436490459e-02
5.732456140350876922e+03 6.523113569686673774e-01 4.683987481815729548e-02
5.736842105263157464e+03 6.912412567823904563e-01 4.503881237287224448e-02
5.741228070175438006e+03 6.786505708310859308e-01 4.583443205055675457e-02
5.745614035087718548e+03 7.723197599498998756e-01 4.585228435395084789e-02
5.749999999999999091e+03 7.313325534099255343e-01 4.791820076318901306e-02
5.754385964912279633e+03 7.927843608134501618e-01 4.629551395545943027e-02
5.758771929824561084e+03 7.530175096414793989e-01 4.780944824183294001e-02
5.763157894736841627e+03 7.107700640056665575e-01 4.720834844110158302e-02
5.767543859649122169e+03 8.423139682256918226e-01 4.911296118237288427e-02
5.771929824561402711e+03 7.294746653228509903e-01 4.781531808612522055e-02
5.776315789473683253e+03 6.325704723578150501e-01 4.707136517673862763e-02
5.780701754385964705e+03 7.501020091367204268e-01 4.804155419708303759e-02
5.785087719298245247e+03 8.033427107202787409e-01 4.935031271487087118e-02
5.789473684210525789e+03 7.634738959310595208e-01 4.870925115292368962e-02
5.793859649122806331e+03 6.671374391613831278e-01 4.956256350995949522e-02
5.798245614035086874e+03 7.113080608126619575e-01 4.852929750700603340e-02
5.802631578947367416e+03 7.223021837979690662e-01 4.892641805098679048e-02
5.807017543859648868e+03 8.016940387968268800e-01 4.984226115696781950e-02
5.811403508771929410e+03 7.567555686809628313e-01 4.984502700678943021e-02
5.815789473684209952e+03 6.599694662318218441e-01 4.949101557037324794e-02
5.820175438596490494e+03 7.174012539808186650e-01 5.031056548475892204e-02
5.824561403508771036e+03 6.705996935525101454e-01 4.954401757651609450e-02
5.828947368421051578e+03 6.971259274169735454e-01 4.979072444430414357e-02
5.833333333333333030e+03 7.433363416357583464e-01 5.048107709163036222e-02
5.837719298245613572e+03 7.172153611276038676e-01 5.009376274247171607e-02
5.842105263157894115e+03 7.268169350851665378e-01 5.032393520395936348e-02
5.846491228070174657e+03 6.793482759569348106e-01 4.988265643696446205e-02
5.850877192982455199e+03 6.682455131651546809e-01 5.003653826340370703e-02
5.855263157894736651e+03 7.208681903747784503e-01 5.022719115283195979e-02
5.859649122807017193e+03 7.104613119299678647e-01 4.973329187622134440e-02
5.864035087719297735e+03 7.283509846429699897e-01 4.968808453775761663e-02
5.868421052631578277e+03 7.684458361245078972e-01 5.020455280209762394e-02
5.872807017543858819e+03 6.077691230184713023e-01 4.837498216178597044e-02
5.877192982456139362e+03 7.032488599734944001e-01 4.915468302983883042e-02
5.881578947368420813e+03 7.638729933206807043e-01 4.925265827430375803e-02
5.885964912280701355e+03 6.843951281957085797e-01 4.845664842971651731e-02
5.890350877192981898e+03 7.619913484044171792e-01 5.412393540684615201e-02
5.894736842105262440e+03 6.800127735441729993e-01 5.145552326640239621e-02
5.899122807017542982e+03 7.861529974307855939e-01 5.150467562577157321e-02
5.903508771929823524e+03 7.383715978540715819e-01 5.061778290397358354e-02
5.907894736842104976e+03 7.568857977227205769e-01 4.969353820402030303e-02
5.912280701754385518e+03 7.995868774107816046e-01 4.933415113472197633e-02
5.916666666666666060e+03 7.418713082678612958e-01 4.827161394368766067e-02
5.921052631578946603e+03 7.590794894574172114e-01 4.735270152473844418e-02
5.925438596491227145e+03 6.270347843417907185e-01 4.572122295613387233e-02
5.929824561403507687e+03 7.675941451277122907e-01 4.655700381367338520e-02
5.934210526315789139e+03 7.687167853625193059e-01 4.588782422360233176e-02
5.938596491228069681e+03 7.355833784633609707e-01 4.528633425596823026e-02
5.942982456140350223e+03 7.254340968781124444e-01 4.508309198114501815e-02
5.947368421052630765e+03 7.275998700033242672e-01 4.453522828669814748e-02
5.951754385964911307e+03 7.257524730707453076e-01 4.442483706435058910e-02
5.956140350877192759e+03 8.537834012022880170e-01 4.524029456144533501e-02
5.960526315789473301e+03 7.664973426122421163e-01 4.418145095042359805e-02
5.964912280701753843e+03 7.028046766306681459e-01 4.353120746069868985e-02
5.969298245614034386e+03 7.121535091390137628e-01 4.354455116877227472e-02
5.973684210526314928e+03 6.654262538297374130e-01 4.286300762307227591e-02
5.978070175438595470e+03 6.950723489522375731e-01 4.320840070612579770e-02
5.982456140350876922e+03 6.910299597286196915e-01 4.298499980799453529e-02
5.986842105263157464e+03 7.253976813005237334e-01 4.415152081379591226e-02
5.991228070175438006e+03 7.645033296279905022e-01 4.837911793095497209e-02
5.995614035087718548e+03 7.167643281880405892e-01 4.713639299386137432e-02
5.999999999999999091e+03 6.830926643706183299e-01 4.418815315077505301e-02
6.004385964912279633e+03 6.950724356559937478e-01 4.346461030558938787e-02
6.008771929824561084e+03 6.620551250863384585e-01 4.374846106251794459e-02
6.013157894736841627e+03 6.710338192596214668e-01 4.377555598631908268e-02
6.017543859649122169e+03 6.807060567784576355e-01 4.430813380855431333e-02
6.021929824561402711e+03 6.064023250063075299e-01 4.734202829235469728e-02
6.026315789473683253e+03 4.787008711481867129e-01 3.941548420011758286e-02
6.030701754385964705e+03 5.307668235394837897e-01 3.936262091998459639e-02
6.035087719298245247e+03 6.213280298148553538e-01 4.412749520296296163e-02
6.039473684210525789e+03 6.136965386048430782e-01 4.295057841679755795e-02
6.043859649122806331e+03 6.922816151525981176e-01 4.502098608060499385e-02
6.048245614035086874e+03 5.772222625731869838e-01 4.265312384052693390e-02
6.052631578947367416e+03 6.728180958577133497e-01 4.664303128053896158e-02
6.057017543859648868e+03 5.704771438624358648e-01 4.422784613034676932e-02
6.061403508771929410e+03 5.676135789076188765e-01 4.517042000435304849e-02
6.065789473684209952e+03 5.956920701186803058e-01 4.648811767940136397e-02
6.070175438596490494e+03 6.807864311604213681e-01 4.610751420096979164e-02
6.074561403508771036e+03 7.424966157573135161e-01 5.021466246006631162e-02
6.078947368421051578e+03 6.234074459989281669e-01 4.614342689677277537e-02
6.083333333333333030e+03 5.952092169006047984e-01 4.565815464390043932e-02
6.087719298245613572e+03 6.532774969235989326e-01 4.773418938148289020e-02
6.092105263157894115e+03 6.112090078405079119e-01 4.544583448580689217e-02
6.096491228070174657e+03 6.039714984985032897e-01 4.872224804597262426e-02
6.100877192982455199e+03 6.092273067896314398e-01 4.511164352804970801e-02
6.105263157894735741e+03 6.269520689584104911e-01 4.502923160781616141e-02
6.109649122807017193e+03 6.785760923045413007e-01 4.551212817776961045e-02
6.114035087719297735e+03 5.912327225316713619e-01 4.573451464195376487e-02
6.118421052631578277e+03 6.643472255842808316e-01 4.459942374776171281e-02
6.122807017543858819e+03 6.193599412536965332e-01 4.650139202447002573e-02
6.127192982456139362e+03 5.369646681413299261e-01 4.334530593710820418e-02
6.131578947368420813e+03 6.357941180119796032e-01 4.911120976649837461e-02
6.135964912280701355e+03 5.748079097790540493e-01 4.762763046515776366e-02
6.140350877192981898e+03 6.031102700885297985e-01 4.692033590387716807e-02
6.144736842105262440e+03 6.384938128676471703e-01 4.666801063268971594e-02
6.149122807017542982e+03 5.619463612934941787e-01 4.653903879539628141e-02
6.153508771929823524e+03 6.145262068475730866e-01 4.390076488059501542e-02
6.157894736842104976e+03 5.505215807513222925e-01 4.314602602394166514e-02
6.162280701754385518e+03 7.103014302036019245e-01 4.336661772037322254e-02
6.166666666666666060e+03 6.250495284369115279e-01 4.249632876788058539e-02
6.171052631578946603e+03 5.744676842398678263e-01 4.140984399939387495e-02
6.175438596491227145e+03 6.455534928057601318e-01 4.177134664034259925e-02
6.179824561403507687e+03 6.675966222540258288e-01 4.180260334443959558e-02
6.184210526315789139e+03 6.144315263458424159e-01 4.237555043554461914e-02
6.188596491228069681e+03 6.245428316858911977e-01 4.042374483979343375e-02
6.192982456140350223e+03 6.349210978911679071e-01 3.986265015215598867e-02
6.197368421052630765e+03 6.343568298460547927e-01 4.017020571601968848e-02
6.201754385964911307e+03 5.888541783888339154e-01 3.912785315942028663e-02
6.206140350877192759e+03 6.337049910072165559e-01 3.935741002423916168e-02
6.210526315789473301e+03 6.224987039305769354e-01 3.905778785406443382e-02
6.214912280701753843e+03 5.831895618873941256e-01 3.817816957740858413e-02
6.219298245614034386e+03 6.263016173796707164e-01 3.897684122731005785e-02
6.223684210526314928e+03 6.135268593540308402e-01 3.792106692925650835e-02
6.228070175438595470e+03 6.228346809857111532e-01 3.790663075385525965e-02
6.232456140350876922e+03 6.047967448496689435e-01 3.762619612491954757e-02
6.236842105263157464e+03 6.382813019612900707e-01 3.786493491751616314e-02
6.241228070175438006e+03 6.290020925691438558e-01 3.785005655295847760e-02
6.245614035087718548e+03 6.088699139067249577e-01 3.752850700284996593e-02
6.249999999999999091e+03 5.912334161617206485e-01 3.801314631830230578e-02
6.254385964912279633e+03 5.684436806691296473e-01 3.765603955779107948e-02
6.258771929824561084e+03 6.093623045379783498e-01 3.827884997906581821e-02
6.263157894736841627e+03 6.000093969530930771e-01 3.845876027310538708e-02
6.267543859649122169e+03 5.886241533237317469e-01 3.932396838548684465e-02
6.271929824561402711e+03 6.427937122470711584e-01 3.906462878042574888e-02
6.276315789473683253e+03 6.357428760920869060e-01 3.905732832415676620e-02
6.280701754385963795e+03 5.841176388933698727e-01 3.923736867383059018e-02
6.285087719298245247e+03 5.392709013515268879e-01 3.877079842116274572e-02
6.289473684210525789e+03 6.367707491214069648e-01 3.947117402270149122e-02
6.293859649122806331e+03 5.458193759432989900e-01 3.873546664052605892e-02
6.298245614035086874e+03 6.097932222061116514e-01 3.969573675116534750e-02
6.302631578947367416e+03 5.584321713524252884e-01 3.846392781697274832e-02
6.307017543859648868e+03 5.226280286521579610e-01 3.883508925635809766e-02
6.311403508771929410e+03 6.057318448598939531e-01 3.962767430257687490e-02
6.315789473684209952e+03 6.197116983924525480e-01 4.010294094198793569e-02
6.320175438596490494e+03 4.521266034028085801e-01 3.882850844126527895e-02
6.324561403508771036e+03 5.880071693948712985e-01 4.102586774484752452e-02
6.328947368421051578e+03 5.670255540333170030e-01 4.108952564262288026e-02
6.333333333333333030e+03 6.056323089478181654e-01 4.185817178176488157e-02
6.337719298245613572e+03 6.499486796132079025e-01 4.212614708093987553e-02
6.342105263157894115e+03 6.288772391602682754e-01 4.219248412478068117e-02
6.346491228070174657e+03 5.368072141201367664e-01 4.102490533315411581e-02
6.350877192982455199e+03 5.842616538323576192e-01 5.343441511557910084e-02
6.355263157894735741e+03 5.597740853865700306e-01 4.783150567740097198e-02
6.359649122807017193e+03 6.168241164971782764e-01 4.217351334293207438e-02
6.364035087719297735e+03 6.334582321171747799e-01 4.510250495215006178e-02
6.368421052631578277e+03 6.286161741504594502e-01 4.188198063320741626e-02
6.372807017543858819e+03 6.501869415351456682e-01 4.192624290072895915e-02
6.377192982456139362e+03 6.410091755377108624e-01 4.287264041038206519e-02
6.381578947368419904e+03 6.228539292195793831e-01 4.805138640303199121e-02
6.385964912280701355e+03 5.914084710454151628e-01 4.165163476420744720e-02
6.390350877192981898e+03 6.009350462538962656e-01 4.508056023146504027e-02
6.394736842105262440e+03 5.991610874027879508e-01 4.040540699536483010e-02
6.399122807017542982e+03 6.356539180382629883e-01 4.888458348863782693e-02
6.403508771929823524e+03 6.180853093343346982e-01 4.531210261230007863e-02
6.407894736842104976e+03 6.389789203833828868e-01 4.787396450679431287e-02
6.412280701754385518e+03 6.322083107683195147e-01 4.408572133324331621e-02
6.416666666666666060e+03 6.097385988397285850e-01 4.780926616394499257e-02
6.421052631578946603e+03 7.199802572079064822e-01 4.310613362573077062e-02
6.425438596491227145e+03 7.941177778794908937e-01 4.293849191318835357e-02
6.429824561403507687e+03 6.983621495723549844e-01 4.581532254269828769e-02
6.434210526315789139e+03 6.490082906738569024e-01 4.071363017815098767e-02
6.438596491228069681e+03 7.726491475195654823e-01 4.672959631069274755e-02
6.442982456140350223e+03 7.513860050617479081e-01 4.088248574327969787e-02
6.447368421052630765e+03 6.947858797418728916e-01 4.013731031093119989e-02
6.451754385964911307e+03 7.232470813326404846e-01 3.961298668628276259e-02
6.456140350877191850e+03 7.694236810865214826e-01 4.259624617648357509e-02
6.460526315789473301e+03 7.194685316390286856e-01 3.914892217216805331e-02
6.464912280701753843e+03 7.010930577802414465e-01 4.330555226490716281e-02
6.469298245614034386e+03 7.320603447391632601e-01 3.882385244955928461e-02
6.473684210526314928e+03 6.614116098080918826e-01 3.767883397528650619e-02
6.478070175438595470e+03 7.130314713739268617e-01 3.764954544645442158e-02
6.482456140350876922e+03 7.457492204660366442e-01 4.004503150324623117e-02
6.486842105263157464e+03 7.052803289804088216e-01 3.792463045363483193e-02
6.491228070175438006e+03 7.122374383749801030e-01 4.121082419749582532e-02
6.495614035087718548e+03 7.189028763338169981e-01 3.743217912975214945e-02
6.499999999999999091e+03 6.904941305155283260e-01 3.693082333011145357e-02
6.504385964912279633e+03 6.915459337815496044e-01 3.718985947202597259e-02
6.508771929824561084e+03 7.726505347796640555e-01 3.763341854780798135e-02
6.513157894736841627e+03 6.881073495158553932e-01 3.699115180365011857e-02
6.517543859649122169e+03 7.382033058633579170e-01 3.938624769353919752e-02
6.521929824561402711e+03 7.278377851102373342e-01 3.747235765035838301e-02
6.526315789473683253e+03 7.421685287439903078e-01 4.071399433392688255e-02
6.530701754385963795e+03 6.974192462240752510e-01 3.699882508607060111e-02
6.535087719298245247e+03 7.292547845972198184e-01 3.779633490563947401e-02
6.539473684210525789e+03 6.297573689890854087e-01 3.687847160213984093e-02
6.543859649122806331e+03 7.254875063919092870e-01 3.858416858602049110e-02
6.548245614035086874e+03 6.653071228687685856e-01 3.969954304606092971e-02
6.552631578947367416e+03 7.867869752958541740e-01 4.092431163525304949e-02
6.557017543859647958e+03 5.653721134032761997e-01 3.922241227589236268e-02
6.561403508771929410e+03 6.793040570412912649e-01 4.141227170456645429e-02
6.565789473684209952e+03 5.968516461536128581e-01 4.048034505181706544e-02
6.570175438596490494e+03 6.346411314625154398e-01 3.847328315226280354e-02
6.574561403508771036e+03 7.035770336905740052e-01 3.982640798207958549e-02
6.578947368421051578e+03 6.633777908866149708e-01 3.890613431415858997e-02
6.583333333333333030e+03 6.560762941725616360e-01 3.896414779740769302e-02
6.587719298245613572e+03 5.692981461861224002e-01 3.824401240983925365e-02
6.592105263157894115e+03 6.534163963409732601e-01 3.992474738232039411e-02
6.596491228070174657e+03 6.033533007170565066e-01 3.998059327166540722e-02
6.600877192982455199e+03 5.776123427721673309e-01 4.460893514981286584e-02
6.605263157894735741e+03 5.904338341223794862e-01 4.209191643800646448e-02
6.609649122807017193e+03 6.255145206812171566e-01 3.997027552468192940e-02
6.614035087719297735e+03 6.535165391793422707e-01 4.126351407011647626e-02
6.618421052631578277e+03 6.270470095714096859e-01 4.035129518114309588e-02
6.622807017543858819e+03 6.472729149942415550e-01 4.066551826385578217e-02
6.627192982456139362e+03 6.583015460745017533e-01 4.187480156219706984e-02
6.631578947368419904e+03 5.913997139660426283e-01 4.123234406977564770e-02
6.635964912280701355e+03 7.061810943031929799e-01 4.151631621196283373e-02
6.640350877192981898e+03 6.468401765472286957e-01 4.494878786284753347e-02
6.644736842105262440e+03 6.407044985385518254e-01 4.162760915337449658e-02
6.649122807017542982e+03 6.794801523700597645e-01 4.082011106109556531e-02
6.653508771929823524e+03 6.122354069059732229e-01 4.202259678495363221e-02
6.657894736842104976e+03 6.046426722749661531e-01 3.980018876621569529e-02
6.662280701754385518e+03 3.500307629262057185e-01 3.347136947030863313e-02
6.666666666666666060e+03 1.996561034237778753e-01 3.306369707920276541e-02
6.671052631578946603e+03 1.354304694530658881e-01 2.982069047628688532e-02
6.675438596491227145e+03 1.174940634154914287e-01 2.981117907423573229e-02
6.679824561403507687e+03 3.393377620860549837e-01 3.235669731069312077e-02
6.684210526315789139e+03 4.455649498400997000e-01 4.487128337521283789e-02
6.688596491228069681e+03 2.901391029110899078e-01 3.755358172913249304e-02
6.692982456140350223e+03 2.857361994693435325e-01 3.946369148854456110e-02
6.697368421052630765e+03 3.024859779000623194e-01 3.586407233652758736e-02
6.701754385964911307e+03 3.369910382217295997e-01 3.592582275166734257e-02
6.706140350877191850e+03 3.135723536819275403e-01 3.525158833261194530e-02
6.710526315789473301e+03 4.083339234246471938e-01 3.613614872336912837e-02
6.714912280701753843e+03 4.776947607616637836e-01 3.791538783322779410e-02
6.719298245614034386e+03 4.444231480751805741e-01 3.770445493523286173e-02
6.723684210526314928e+03 5.217047203527712673e-01 3.801843524742828939e-02
6.728070175438595470e+03 5.490810845464193513e-01 3.782543268620799926e-02
6.732456140350876012e+03 5.992127628414615215e-01 3.878102946439006965e-02
6.736842105263157464e+03 5.578848105397641310e-01 3.878353520294319096e-02
6.741228070175438006e+03 5.648418332305793488e-01 3.881509537018675710e-02
6.745614035087718548e+03 5.489760862977052236e-01 3.891809943250917891e-02
6.749999999999999091e+03 5.694709467721565943e-01 3.814934924885978601e-02
6.754385964912279633e+03 5.917094197830590208e-01 3.999028675160450075e-02
6.758771929824561084e+03 5.602610136811851937e-01 3.726688708900176283e-02
6.763157894736841627e+03 5.475909070892347463e-01 3.949369098817719081e-02
6.767543859649122169e+03 6.321807389738594019e-01 5.246067124123198616e-02
6.771929824561402711e+03 6.388264951800471936e-01 4.002177755584314378e-02
6.776315789473683253e+03 5.018482596349528313e-01 4.115092057236236639e-02
6.780701754385963795e+03 5.675056327311951421e-01 3.670280979215228417e-02
6.785087719298245247e+03 5.552489296486329273e-01 3.772587943338089750e-02
6.789473684210525789e+03 5.570810667201270272e-01 3.648362269657057233e-02
6.793859649122806331e+03 5.534554624523878585e-01 3.616734473483681350e-02
6.798245614035086874e+03 5.443926656356260496e-01 4.432738204242264030e-02
6.802631578947367416e+03 5.644241812371389999e-01 3.699288587877339746e-02
6.807017543859647958e+03 5.560273559714702385e-01 3.954061506101295975e-02
6.811403508771929410e+03 5.359181538044347493e-01 3.558169554345381319e-02
6.815789473684209952e+03 5.613021523851983163e-01 3.629141780990699506e-02
6.820175438596490494e+03 5.640633202039858629e-01 3.882476283899900099e-02
6.824561403508771036e+03 5.989912347444632523e-01 3.981084465784821141e-02
6.828947368421051578e+03 5.225876247017857690e-01 3.650392871626410157e-02
6.833333333333333030e+03 5.655893930162223526e-01 3.818204523530910333e-02
6.837719298245613572e+03 5.623654872507892755e-01 4.149511714358082581e-02
6.842105263157894115e+03 5.603781504557622251e-01 3.647329627921148260e-02
6.846491228070174657e+03 5.575278511756384114e-01 3.675287254096117756e-02
6.850877192982455199e+03 5.724752319232271347e-01 4.089178038594044190e-02
6.855263157894735741e+03 5.681063163538969674e-01 3.760685251691943398e-02
6.859649122807017193e+03 5.116230676973304581e-01 4.284191259919765959e-02
6.864035087719297735e+03 5.994270078229418930e-01 3.747366687707644889e-02
6.868421052631578277e+03 4.886711961807134741e-01 3.666821499344299212e-02
6.872807017543858819e+03 5.373187662815023247e-01 3.705270280015069556e-02
6.877192982456139362e+03 5.452891824743583138e-01 4.055050573130469793e-02
6.881578947368419904e+03 4.988221251373290421e-01 3.649410518069075987e-02
6.885964912280701355e+03 4.338700003937218108e-01 4.027740624014043008e-02
6.890350877192981898e+03 4.785652664735468020e-01 4.284422758948723542e-02
6.894736842105262440e+03 5.180270071275776544e-01 4.385372809287623602e-02
6.899122807017542982e+03 5.589955723599766557e-01 3.835602499242708047e-02
6.903508771929823524e+03 5.687894552487103850e-01 4.456565263473596938e-02
6.907894736842104066e+03 4.874720832329701437e-01 3.720140841234697432e-02
6.912280701754385518e+03 4.678654160366591541e-01 4.485733274084610644e-02
6.916666666666666060e+03 5.247781951012603363e-01 3.939270712337338692e-02
6.921052631578946603e+03 4.821910441487983756e-01 4.436430917217273895e-02
6.925438596491227145e+03 4.936253621041483131e-01 3.902336646286746341e-02
6.929824561403507687e+03 4.335054978028098360e-01 3.775747428212693213e-02
6.934210526315789139e+03 5.456278473459335032e-01 3.947746004502335204e-02
6.938596491228069681e+03 5.191884906451459392e-01 4.079767212900042156e-02
6.942982456140350223e+03 4.925636746099243957e-01 4.502051788032171431e-02
6.947368421052630765e+03 4.735480669193810055e-01 4.527013799431686691e-02
6.951754385964911307e+03 4.925143401726672643e-01 3.853291799575216114e-02
6.956140350877191850e+03 5.538513518030311333e-01 4.461425009006569908e-02
6.960526315789473301e+03 4.533294446120669785e-01 3.810380376574701994e-02
6.964912280701753843e+03 4.610336802735004458e-01 3.803464017945527159e-02
6.969298245614034386e+03 4.660595502032826021e-01 3.876299508310802194e-02
6.973684210526314928e+03 4.425518209059004504e-01 4.097817200858190623e-02
6.978070175438595470e+03 4.464157737993336150e-01 3.734282223864988925e-02
6.982456140350876012e+03 4.528325453854930571e-01 3.696924176446756555e-02
6.986842105263157464e+03 4.726270996214106956e-01 4.252844383916359189e-02
6.991228070175438006e+03 4.507109044721684943e-01 3.864187860612301739e-02
6.995614035087718548e+03 4.816260824736359747e-01 3.886038074203104070e-02
6.999999999999999091e+03 5.379556053705243368e-01 4.254863714397411067e-02
7.004385964912279633e+03 4.577334752026434028e-01 4.492579402671292854e-02
7.008771929824561084e+03 3.771281144325191459e-01 4.401941030052935327e-02
7.013157894736841627e+03 4.743426201408646459e-01 5.134444708438114929e-02
7.017543859649122169e+03 4.209235689308777895e-01 4.289377011575913612e-02
7.021929824561402711e+03 5.183848335292650100e-01 4.249658020877345593e-02
7.026315789473683253e+03 4.311118672063998791e-01 4.081487415422328097e-02
7.030701754385963795e+03 5.202248606425701194e-01 4.546962599649819609e-02
7.035087719298245247e+03 4.002720347690386093e-01 4.032050667732938604e-02
7.039473684210525789e+03 4.659041770722373577e-01 4.534305585325049126e-02
7.043859649122806331e+03 4.648884425687802024e-01 4.150366613393855625e-02
7.048245614035086874e+03 4.486988571066348186e-01 3.797705154461138155e-02
7.052631578947367416e+03 4.227674110094540305e-01 3.729382594604181006e-02
7.057017543859647958e+03 4.177821184375564156e-01 3.605536683375145518e-02
7.061403508771929410e+03 4.245405895267568286e-01 3.967357527108991699e-02
7.065789473684209952e+03 5.022037450352238031e-01 3.668077836771110184e-02
7.070175438596490494e+03 4.056358759403466685e-01 3.881328326168293624e-02
7.074561403508771036e+03 4.609195781303890849e-01 3.679229673888878560e-02
7.078947368421051578e+03 4.448259737263168812e-01 3.486023358841607717e-02
7.083333333333332121e+03 4.378508299504634826e-01 3.504093288663674005e-02
7.087719298245613572e+03 4.846867250662128535e-01 3.483893914590228263e-02
7.092105263157894115e+03 4.701067948372456562e-01 3.551802897530284553e-02
7.096491228070174657e+03 4.363478203373665765e-01 3.379919637236339369e-02
7.100877192982455199e+03 3.790612613799438924e-01 3.481480949056193347e-02
7.105263157894735741e+03 4.580921686418924499e-01 3.526032807123324203e-02
7.109649122807017193e+03 4.311523578605283014e-01 3.521168726402543192e-02
7.114035087719297735e+03 4.593657601161802995e-01 3.351911722882795763e-02
7.118421052631578277e+03 4.555750718967054858e-01 3.292763287465514527e-02
7.122807017543858819e+03 4.191107667970082051e-01 3.243876241590201714e-02
7.127192982456139362e+03 4.701787589548614976e-01 3.312909772247700502e-02
7.131578947368419904e+03 4.612526939615698707e-01 3.320798079983469653e-02
7.135964912280701355e+03 4.396112630156102652e-01 3.223330052492101583e-02
7.140350877192981898e+03 4.336623448977098283e-01 3.368539769239860260e-02
7.144736842105262440e+03 4.476133260794659119e-01 3.384169855363481499e-02
7.149122807017542982e+03 3.948666624985281426e-01 3.160323299925538176e-02
7.153508771929823524e+03 4.859525999062021540e-01 3.214403900795053531e-02
7.157894736842104066e+03 3.805258612290602360e-01 3.100125749058676994e-02
7.162280701754385518e+03 4.150994175180968693e-01 3.133537041496339826e-02
7.166666666666666060e+03 4.320597993725371344e-01 3.153343647554364415e-02
7.171052631578946603e+03 4.097511830228982577e-01 3.140726516957429576e-02
7.175438596491227145e+03 4.158250412534305052e-01 3.117242804600504902e-02
7.179824561403507687e+03 4.477541329794756386e-01 3.200076105089010026e-02
7.184210526315789139e+03 4.392113852921835093e-01 3.274348276693916926e-02
7.188596491228069681e+03 4.487024119606375372e-01 3.382673348532097557e-02
7.192982456140350223e+03 4.178212218315862092e-01 3.160203648742032634e-02
7.197368421052630765e+03 4.001257655323905427e-01 3.279064961029219682e-02
7.201754385964911307e+03 4.170371597645983197e-01 3.254489648382194456e-02
7.206140350877191850e+03 4.242832527784631269e-01 3.266857939198939548e-02
7.210526315789473301e+03 4.317854686880353565e-01 3.223792183512454168e-02
7.214912280701753843e+03 4.205986032527764262e-01 3.226251102037255153e-02
7.219298245614034386e+03 3.514333695896650345e-01 3.040058253826061208e-02
7.223684210526314928e+03 4.608477007165294181e-01 3.298679951786122333e-02
7.228070175438595470e+03 4.346283114451290341e-01 3.368727049353174158e-02
7.232456140350876012e+03 4.120020992366627555e-01 3.322246899748964449e-02
7.236842105263157464e+03 3.898332493419597311e-01 3.364901679631233933e-02
7.241228070175438006e+03 4.034730507428444524e-01 3.326221399931506006e-02
7.245614035087718548e+03 4.072349533152729295e-01 3.304374654490950525e-02
7.249999999999999091e+03 4.375139858577677399e-01 3.361587862070659211e-02
7.254385964912279633e+03 4.298828414627801076e-01 3.392826358378860790e-02
7.258771929824560175e+03 3.793555339283633532e-01 3.294386381780898404e-02
7.263157894736841627e+03 4.366114864598602541e-01 4.692103820430209432e-02
7.267543859649122169e+03 4.539769482630970354e-01 3.879887309740853718e-02
7.271929824561402711e+03 3.877333710714322423e-01 3.989781719565596574e-02
7.276315789473683253e+03 3.700509203356611154e-01 3.682509676984549452e-02
7.280701754385963795e+03 4.067776777052658499e-01 4.013285373786439764e-02
7.285087719298245247e+03 3.763414512528463485e-01 3.484997653406191054e-02
7.289473684210525789e+03 4.110982992824129267e-01 3.829040758976242492e-02
7.293859649122806331e+03 3.973781234995644729e-01 3.468816998430931248e-02
7.298245614035086874e+03 3.979953675396935009e-01 3.516567358062938631e-02
7.302631578947367416e+03 3.878597851479188563e-01 3.465603757227506132e-02
7.307017543859647958e+03 3.715385833839170981e-01 3.461220015315871756e-02
7.311403508771929410e+03 4.255793005255973371e-01 3.525485706421931792e-02
7.315789473684209952e+03 3.735714396509299817e-01 3.578870943167014596e-02
7.320175438596490494e+03 4.120251624358022835e-01 4.688085968369585382e-02
7.324561403508771036e+03 4.087142928029371403e-01 3.837124150163379738e-02
7.328947368421051578e+03 3.804962952482084382e-01 3.890466902067942628e-02
7.333333333333332121e+03 3.785817896083588652e-01 3.664659107665577120e-02
7.337719298245613572e+03 4.213306430660661017e-01 4.081385104990055412e-02
7.342105263157894115e+03 3.820307783247928191e-01 3.514600049835585327e-02
7.346491228070174657e+03 3.469063930728485401e-01 4.493287772359149529e-02
7.350877192982455199e+03 2.956250229710764010e-01 4.977451084190154251e-02
7.355263157894735741e+03 3.310168026070293701e-01 4.514878741719021565e-02
7.359649122807017193e+03 4.073419457503788532e-01 4.381458134696834816e-02
7.364035087719297735e+03 4.109387643710717963e-01 4.232292125555327245e-02
7.368421052631578277e+03 4.454666277806100805e-01 5.007696822490281113e-02
7.372807017543858819e+03 3.889022244082744328e-01 4.052069697993563452e-02
7.377192982456139362e+03 3.771249930972972453e-01 3.976987713306088384e-02
7.381578947368419904e+03 3.759992315272684404e-01 4.502066527670719326e-02
7.385964912280701355e+03 3.626390497400114321e-01 3.861344844447695684e-02
7.390350877192981898e+03 3.398241701581330432e-01 3.962620900909771815e-02
7.394736842105262440e+03 3.833615942781486430e-01 4.699143298393135965e-02
7.399122807017542982e+03 3.694710456144386646e-01 3.822060239567506845e-02
7.403508771929823524e+03 3.616047606327352226e-01 3.634765386615473881e-02
7.407894736842104066e+03 3.299402887705015219e-01 3.595709679651556967e-02
7.412280701754385518e+03 3.896816044724294992e-01 3.929070882462246811e-02
7.416666666666666060e+03 3.486831264441540568e-01 3.671326626514561514e-02
7.421052631578946603e+03 3.683008050174978454e-01 3.530586488397038925e-02
7.425438596491227145e+03 3.846914564901867117e-01 4.183586290530397211e-02
7.429824561403507687e+03 3.961828255170923296e-01 3.426660765146602450e-02
7.434210526315788229e+03 4.752109582588436298e-01 3.629026464995002005e-02
7.438596491228069681e+03 3.640211076132600088e-01 3.344555776209871129e-02
7.442982456140350223e+03 3.570576688444887514e-01 3.320420918644157587e-02
7.447368421052630765e+03 3.959501993393052532e-01 3.323600345382678872e-02
7.451754385964911307e+03 4.031477382497184458e-01 3.813915288713493751e-02
7.456140350877191850e+03 3.271795544704946823e-01 3.229859712368785690e-02
7.460526315789473301e+03 3.821682904820683513e-01 3.897561870434814585e-02
7.464912280701753843e+03 3.238728466179254251e-01 3.145554182100621793e-02
7.469298245614034386e+03 4.087947538886569920e-01 3.217582460496012930e-02
7.473684210526314928e+03 3.691623802424960354e-01 3.222059842464303908e-02
7.478070175438595470e+03 3.955428650928484724e-01 3.162497830130122506e-02
7.482456140350876012e+03 2.922491255210885042e-01 3.043124098644008069e-02
7.486842105263157464e+03 4.046456323412016554e-01 3.143490632703926924e-02
7.491228070175438006e+03 3.728911619800699961e-01 3.313888657654787823e-02
7.495614035087718548e+03 3.854003464005806845e-01 3.052487237272120610e-02
7.499999999999999091e+03 3.748827472591491072e-01 3.621983518881828623e-02
7.504385964912279633e+03 3.632378258800775805e-01 3.090372443527827917e-02
7.508771929824560175e+03 2.481311330498010836e-01 2.934557990363692928e-02
7.513157894736841627e+03 3.582360595945089377e-01 3.051647077874894767e-02
7.517543859649122169e+03 3.791518668051349072e-01 3.102635822799615015e-02
7.521929824561402711e+03 3.595481475365334689e-01 3.155793028665987432e-02
7.526315789473683253e+03 3.425581997012414615e-01 3.055391813103603207e-02
7.530701754385963795e+03 3.303321030446050854e-01 3.030696849273071744e-02
7.535087719298244338e+03 3.953459608626008204e-01 3.347664105868338597e-02
7.539473684210525789e+03 3.462343522588240408e-01 3.292747680789405440e-02
7.543859649122806331e+03 3.450679266271544643e-01 3.126378779387468942e-02
7.548245614035086874e+03 3.572356716558927059e-01 3.102482357151204947e-02
7.552631578947367416e+03 3.893540376816431725e-01 3.233481328263741739e-02
7.557017543859647958e+03 3.662651742302876490e-01 3.525911421864694889e-02
7.561403508771929410e+03 4.329225017463654290e-01 4.019124871764061246e-02
7.565789473684209952e+03 4.027031213881112071e-01 4.217234284222386859e-02
7.570175438596490494e+03 4.102416661715160284e-01 4.443346408808886844e-02
7.574561403508771036e+03 3.742596073636009213e-01 4.219780773540913327e-02
7.578947368421051578e+03 3.891429140353847016e-01 3.815223648394003297e-02
7.583333333333332121e+03 3.741947529539905171e-01 3.449302584031178204e-02
7.587719298245613572e+03 3.971641386293525700e-01 4.046924697102812635e-02
7.592105263157894115e+03 3.443038931278404324e-01 4.034096876378400615e-02
7.596491228070174657e+03 2.686357043449428827e-01 3.802528484416522331e-02
7.600877192982455199e+03 4.095945960392666785e-01 4.010715474453748625e-02
7.605263157894735741e+03 3.958862119672564850e-01 3.998599491567440128e-02
7.609649122807016283e+03 3.181572483078613511e-01 3.691421089043049608e-02
7.614035087719297735e+03 3.663339303089254151e-01 3.576493526173007281e-02
7.618421052631578277e+03 3.387103737064547371e-01 3.372944320052974343e-02
7.622807017543858819e+03 2.801963496730232039e-01 3.194869544531383360e-02
7.627192982456139362e+03 2.881284428056548053e-01 3.257167060372527512e-02
7.631578947368419904e+03 3.533826434357362767e-01 3.416947343343589016e-02
7.635964912280701355e+03 3.563132303940676482e-01 3.369291490805799427e-02
7.640350877192981898e+03 3.124595976753232196e-01 3.300209406044848914e-02
7.644736842105262440e+03 3.744080441941530779e-01 3.290115354752276566e-02
7.649122807017542982e+03 3.320334041480481613e-01 3.260696770285950036e-02
7.653508771929823524e+03 3.201925322800469043e-01 3.321441421854203629e-02
7.657894736842104066e+03 3.616271302018254641e-01 3.307913034779989825e-02
7.662280701754385518e+03 2.897159885810112190e-01 3.259444768046947105e-02
7.666666666666666060e+03 3.523682961923776946e-01 3.435795005858443413e-02
7.671052631578946603e+03 3.818280649428821838e-01 3.431446812486835946e-02
7.675438596491227145e+03 3.053010754551837014e-01 3.365322192848627103e-02
7.679824561403507687e+03 3.804400245104582745e-01 3.416000538326281061e-02
7.684210526315788229e+03 4.062723682143440374e-01 5.357494456356914903e-02
7.688596491228069681e+03 3.152906487215786924e-01 4.170838237261655090e-02
7.692982456140350223e+03 3.475153135523857961e-01 4.064440589922993508e-02
7.697368421052630765e+03 3.941105190410249537e-01 4.037464450267796295e-02
7.701754385964911307e+03 3.842321866937878916e-01 4.105461004001578068e-02
7.706140350877191850e+03 3.173941685498650744e-01 3.418994419026612219e-02
7.710526315789472392e+03 2.989501987237085379e-01 4.001349734712951467e-02
7.714912280701753843e+03 2.727927159342091179e-01 3.359749742439989417e-02
7.719298245614034386e+03 3.209013354866847023e-01 3.442518015111372537e-02
7.723684210526314928e+03 3.120475814260335046e-01 3.377647998824852282e-02
7.728070175438595470e+03 3.317929746322064166e-01 3.653453514218987092e-02
7.732456140350876012e+03 3.752694460116389741e-01 3.489365788641716343e-02
7.736842105263157464e+03 3.515909103146144243e-01 4.603085073976988933e-02
7.741228070175438006e+03 3.651841517984392715e-01 6.225390385179442598e-02
7.745614035087718548e+03 3.547104247576264302e-01 5.131867005767368900e-02
7.749999999999999091e+03 3.592012458081226822e-01 6.315247556954765862e-02
7.754385964912279633e+03 3.662534692232055633e-01 4.368533205765519345e-02
7.758771929824560175e+03 3.422426847325618637e-01 4.368057202144180751e-02
7.763157894736841627e+03 3.496266367187269020e-01 4.868584113875951136e-02
7.767543859649122169e+03 3.906604031757609508e-01 4.143307193567011271e-02
7.771929824561402711e+03 3.605920607607438488e-01 4.159785242425913243e-02
7.776315789473683253e+03 3.423021635092901582e-01 4.461509111650048542e-02
7.780701754385963795e+03 3.284526257222455947e-01 4.234446713895994446e-02
7.785087719298244338e+03 4.374309236593629246e-01 3.960195796849873967e-02
7.789473684210525789e+03 3.287856548496701503e-01 3.735967744884810537e-02
7.793859649122806331e+03 3.010407129885703803e-01 4.693314204866253642e-02
7.798245614035086874e+03 3.058282342926587072e-01 3.799805119435421125e-02
7.802631578947367416e+03 3.850526643383644920e-01 3.825484170898409836e-02
7.807017543859647958e+03 3.662093370113183033e-01 3.685844303446603881e-02
7.811403508771929410e+03 4.129182111242878928e-01 4.335316996779224608e-02
7.815789473684209952e+03 3.382159021850534852e-01 3.712849922378896189e-02
7.820175438596490494e+03 3.330147172603083461e-01 3.516769377814799730e-02
7.824561403508771036e+03 3.619812283419978072e-01 4.607425464010541510e-02
7.828947368421051578e+03 3.478307418173092191e-01 3.578310836902197367e-02
7.833333333333332121e+03 3.627822843451938284e-01 3.611551322940217967e-02
7.837719298245613572e+03 3.538970568210552115e-01 3.543741182282188207e-02
7.842105263157894115e+03 3.359603906722122835e-01 3.442322931660004443e-02
7.846491228070174657e+03 3.765568233831568246e-01 3.938314369906853463e-02
7.850877192982455199e+03 3.415077836953188117e-01 3.297411475833447736e-02
7.855263157894735741e+03 3.050307331434654601e-01 3.355209933767261399e-02
7.859649122807016283e+03 3.533210837688600670e-01 3.966488755472231953e-02
7.864035087719297735e+03 2.653545741004418312e-01 3.138296210672162495e-02
7.868421052631578277e+03 3.174660459637247412e-01 3.403431094795236755e-02
7.872807017543858819e+03 2.734257400579598873e-01 3.164258783417805976e-02
7.877192982456139362e+03 3.548370122416253380e-01 3.465090470991016858e-02
7.881578947368419904e+03 3.206075831608022897e-01 3.325542509520744427e-02
7.885964912280700446e+03 2.673856095885753237e-01 3.635124340165991202e-02
7.890350877192981898e+03 2.881491650033779495e-01 3.203758413613280731e-02
7.894736842105262440e+03 3.183328234140927471e-01 3.890440023903532496e-02
7.899122807017542982e+03 3.386271381005376835e-01 3.127909967721319295e-02
7.903508771929823524e+03 3.431703282197568483e-01 3.095883334269589754e-02
7.907894736842104066e+03 2.975592970673312521e-01 3.003991225337105872e-02
7.912280701754385518e+03 3.504661891896595494e-01 3.232486836180544637e-02
7.916666666666666060e+03 3.233573927875324494e-01 3.057998128013882100e-02
7.921052631578946603e+03 3.126987266348225103e-01 3.231527892637375138e-02
7.925438596491227145e+03 3.513797866683558979e-01 3.228773314304055758e-02
7.929824561403507687e+03 3.094029434555298774e-01 3.459417444225229565e-02
7.934210526315788229e+03 3.127087842705375542e-01 3.197285111178102546e-02
7.938596491228069681e+03 3.470732110997074016e-01 3.895231273469135919e-02
7.942982456140350223e+03 3.380014837960607643e-01 3.209504271534245612e-02
7.947368421052630765e+03 2.972117884126273535e-01 3.070603987122515546e-02
7.951754385964911307e+03 3.210724019975956245e-01 3.270957292790356574e-02
7.956140350877191850e+03 2.666364024315652226e-01 3.197274706727362692e-02
7.960526315789472392e+03 2.936351717671206174e-01 3.123071898127387225e-02
7.964912280701753843e+03 3.269973031750387227e-01 3.087612662969138611e-02
7.969298245614034386e+03 2.738681893256630362e-01 3.145115461094433879e-02
7.973684210526314928e+03 3.177506076914538569e-01 3.308826025332392562e-02
7.978070175438595470e+03 3.544304583289739630e-01 3.498530375668214287e-02
7.982456140350876012e+03 3.065043501832228068e-01 3.352982514271416609e-02
7.986842105263157464e+03 2.653341987177433303e-01 3.427552079759964287e-02
7.991228070175438006e+03 3.584030510288801485e-01 3.312946187825289296e-02
7.995614035087718548e+03 3.372469877099247282e-01 3.325307542341541384e-02
7.999999999999999091e+03 3.322426203116710663e-01 3.287032169183097541e-02
8.004385964912279633e+03 3.387005761820083283e-01 3.380824824450687910e-02
8.008771929824560175e+03 2.702489144321237324e-01 3.244524785686306312e-02
8.013157894736841627e+03 3.038433252028042153e-01 3.400083462769758896e-02
8.017543859649122169e+03 3.355076236575256776e-01 3.530809317050379731e-02
8.021929824561402711e+03 3.870552609944763467e-01 3.628285147879802691e-02
8.026315789473683253e+03 2.948455562031652155e-01 3.806032183203094527e-02
8.030701754385963795e+03 2.409717437920999294e-01 3.662798445058305236e-02
8.035087719298244338e+03 3.471420538821012869e-01 4.303330247055330710e-02
8.039473684210525789e+03 2.907030241411783233e-01 3.677878829367849101e-02
8.043859649122806331e+03 3.441541557409457663e-01 3.773974336399146118e-02
8.048245614035086874e+03 3.068757890746279249e-01 3.723018538901768509e-02
8.052631578947367416e+03 2.681686312104892833e-01 3.789746616682876379e-02
8.057017543859647958e+03 3.101265730044717173e-01 3.873963709119752907e-02
8.061403508771928500e+03 2.955427411064770471e-01 3.991019849203613495e-02
8.065789473684209952e+03 2.324212794705091678e-01 3.827687313342528763e-02
8.070175438596490494e+03 2.693673973432079150e-01 3.874043476575424194e-02
8.074561403508771036e+03 2.421019272536931166e-01 3.739037924890564746e-02
8.078947368421051578e+03 3.516980761572326974e-01 3.882044499194205189e-02
8.083333333333332121e+03 2.824741440511984725e-01 4.094589220016217612e-02
8.087719298245613572e+03 3.222126430949037723e-01 3.943108220585141849e-02
8.092105263157894115e+03 2.583064257618986614e-01 4.349611845057925474e-02
8.096491228070174657e+03 3.326118916091720390e-01 3.975859697438399037e-02
8.100877192982455199e+03 2.869277691903006078e-01 3.980138527805075072e-02
8.105263157894735741e+03 2.812132980290666939e-01 3.968659817526570127e-02
8.109649122807016283e+03 3.251001382864218692e-01 4.066859624719958849e-02
8.114035087719297735e+03 2.944755912756149008e-01 4.255307637628968909e-02
8.118421052631578277e+03 1.947247405882140681e-01 4.017946567717797096e-02
8.122807017543858819e+03 3.336204297008676933e-01 4.129812620957701297e-02
8.127192982456139362e+03 2.794842517236511559e-01 4.126764983928548486e-02
8.131578947368419904e+03 3.145327711889522315e-01 4.111877081957687752e-02
8.135964912280700446e+03 2.944499269637904093e-01 4.079120402879060636e-02
8.140350877192981898e+03 2.501737001375043401e-01 4.036136148723369621e-02
8.144736842105262440e+03 2.484731793678666700e-01 4.311802938107642258e-02
8.149122807017542982e+03 2.591079152838754451e-01 4.185911685270706645e-02
8.153508771929823524e+03 2.052502297714566271e-01 4.391280803232614632e-02
8.157894736842104066e+03 2.817344743073663671e-01 5.810833715834179403e-02
8.162280701754385518e+03 2.638540788962736583e-01 7.694382646583083907e-02
8.166666666666666060e+03 2.549502967683160426e-01 9.617449415316255135e-02
8.171052631578946603e+03 2.168498050860544757e-01 7.484896834278524647e-02
8.175438596491227145e+03 2.222038487329160705e-01 6.589770723795240759e-02
8.179824561403507687e+03 2.649797537625463439e-01 7.254773793931894310e-02
8.184210526315788229e+03 2.891964596740786431e-01 6.017451367884844166e-02
8.188596491228069681e+03 2.193558037504524660e-01 5.463673610230044414e-02
8.192982456140349314e+03 2.336251611248414684e-01 5.832629306058597501e-02
8.197368421052629856e+03 1.281146666192455041e-01 4.776326115092455887e-02
8.201754385964912217e+03 3.001392540357368799e-01 6.208872452592706370e-02
8.206140350877192759e+03 1.998543949141241560e-01 4.893769820966368395e-02
8.210526315789473301e+03 2.335249315827162830e-01 5.427532016510788759e-02
8.214912280701753843e+03 1.886846968225856513e-01 4.937230945780959890e-02
8.219298245614034386e+03 1.370588526975753951e-01 5.092717658746796078e-02
8.223684210526314928e+03 2.946133635441589571e-01 1.040836107904107716e-01
8.228070175438595470e+03 1.538729653153675381e-01 5.019726968657988592e-02
8.232456140350876012e+03 4.326041255537325103e-01 6.691403999732709051e-02
8.236842105263156554e+03 2.958732558249729250e-01 5.009460376890650241e-02
8.241228070175437097e+03 3.595213560758788729e-01 5.305774798767735195e-02
8.245614035087717639e+03 2.283515785636997253e-01 5.563833789350294129e-02
8.250000000000000000e+03 3.593645956847349998e-01 5.249337589805692234e-02
8.254385964912280542e+03 1.593058226765818874e-01 4.424355685096362234e-02
8.258771929824561084e+03 2.395909864751937790e-01 4.683091832014559669e-02
8.263157894736841627e+03 2.861424932707263835e-01 6.430905165451705763e-02
8.267543859649122169e+03 1.921348993916058012e-01 4.617023569817857442e-02
8.271929824561402711e+03 1.258732878186589743e-01 4.083452122536996437e-02
8.276315789473683253e+03 2.499297157676598491e-01 4.682300226720784858e-02
8.280701754385963795e+03 7.563574423734106822e-02 7.010948091961159701e-02
8.285087719298244338e+03 2.507961464030031840e-01 4.542542442160597133e-02
8.289473684210524880e+03 2.666025012629052449e-01 4.898461361212383403e-02
8.293859649122805422e+03 2.294378899246741210e-01 4.417085575142040005e-02
8.298245614035085964e+03 1.607869829431255448e-01 5.372710098526073397e-02
8.302631578947368325e+03 1.589805101834558532e-01 4.024625358055083230e-02
8.307017543859648868e+03 2.250052470945636263e-01 4.116399549879184300e-02
8.311403508771929410e+03 2.506960035646342289e-01 5.717271692557984036e-02
8.315789473684209952e+03 1.693165516594808406e-01 4.441278524224383933e-02
8.320175438596490494e+03 2.291682412430051663e-01 4.206931276877460407e-02
8.324561403508771036e+03 2.400893596656224482e-01 4.379729261798931406e-02
8.328947368421051578e+03 1.982774269970196679e-01 3.894137939103911594e-02
8.333333333333332121e+03 1.933090416575739545e-01 4.323661410838144925e-02
8.337719298245612663e+03 2.387439774812311066e-01 4.908570152143502952e-02
8.342105263157893205e+03 2.797006642990356173e-01 4.166762293684402735e-02
8.346491228070173747e+03 2.101400615078180267e-01 4.067436204698447050e-02
8.350877192982456108e+03 2.664092385904164861e-01 5.976901755202227579e-02
8.355263157894736651e+03 2.162996697531961166e-01 4.085201804336379555e-02
8.359649122807017193e+03 2.456528795873754167e-01 4.475679973557435132e-02
8.364035087719297735e+03 2.179401915235685272e-01 4.662374836516816612e-02
8.368421052631578277e+03 3.045674749742830478e-01 4.213550241622993769e-02
8.372807017543858819e+03 1.610566316247944996e-01 3.825031577291235219e-02
8.377192982456139362e+03 3.181869009924693237e-01 4.745782115871124973e-02
8.381578947368419904e+03 2.012622905067094903e-01 4.541021658277486633e-02
8.385964912280700446e+03 2.768298162287010089e-01 4.560625377546087544e-02
8.390350877192980988e+03 2.830738739325824871e-01 5.130534369035134185e-02
8.394736842105261530e+03 1.785135658907839595e-01 5.070481613441066293e-02
8.399122807017542073e+03 2.910979597505036764e-01 4.484885311349329912e-02
8.403508771929824434e+03 2.456396139126823808e-01 4.182364634606051956e-02
8.407894736842104976e+03 2.249390054248545934e-01 4.320478515949377485e-02
8.412280701754385518e+03 1.747384843474185934e-01 4.285089510833621496e-02
8.416666666666666060e+03 2.056311193722835107e-01 4.274137092355029255e-02
8.421052631578946603e+03 2.319227328725682047e-01 4.369852836934329937e-02
8.425438596491227145e+03 3.763966815455225823e-01 5.153439767338446886e-02
8.429824561403507687e+03 2.562615176727789379e-01 5.072715969237404088e-02
8.434210526315788229e+03 2.870746453532417863e-01 4.752055132629565137e-02
8.438596491228068771e+03 2.661253704927366570e-01 6.175229661126085956e-02
8.442982456140349314e+03 2.644016131164471095e-01 4.963066931042604130e-02
8.447368421052629856e+03 2.683465473181370631e-01 5.053351552335813568e-02
8.451754385964912217e+03 2.079961377291594526e-01 4.629834049791036604e-02
8.456140350877192759e+03 2.347196226388952311e-01 4.713633230123205620e-02
8.460526315789473301e+03 2.289435051070289884e-01 4.651901022772247235e-02
8.464912280701753843e+03 2.890352773913704154e-01 4.965863994216444116e-02
8.469298245614034386e+03 2.602282145172659655e-01 5.308207706165687240e-02
8.473684210526314928e+03 2.560060017033646829e-01 5.450354179208184713e-02
8.478070175438595470e+03 2.375097495122415192e-01 5.148571351429858528e-02
8.482456140350876012e+03 2.219637660320989414e-01 6.613245765776548657e-02
8.486842105263156554e+03 3.008537796902815420e-01 5.782415692713981092e-02
8.491228070175437097e+03 3.024173085251806725e-01 7.945537417062330243e-02
8.495614035087717639e+03 2.375823205561505003e-01 6.012666187582172556e-02
8.499999999999998181e+03 2.515672029065665338e-01 6.354304130956243968e-02
8.504385964912280542e+03 3.361613699789995913e-01 5.925509837811347019e-02
8.508771929824561084e+03 2.578630227528777019e-01 7.521886390733061034e-02
8.513157894736841627e+03 2.865813009806706391e-01 5.960427174493572455e-02
8.517543859649122169e+03 2.835046181932034948e-01 6.912194247765884869e-02
8.521929824561402711e+03 2.760368236748282356e-01 6.170946495571601187e-02
8.526315789473683253e+03 3.643567378533695278e-01 8.766330663311394655e-02
8.530701754385963795e+03 2.718994938382111592e-01 6.594501280731529524e-02
8.535087719298244338e+03 2.587480079920401188e-01 6.281707075920418826e-02
8.539473684210524880e+03 2.811825181956286168e-01 6.994698073980967767e-02
8.543859649122805422e+03 2.780893616944903335e-01 6.859848589057204737e-02
8.548245614035085964e+03 2.194246465328464346e-01 6.897791019791979505e-02
8.552631578947368325e+03 1.850082841537345479e-01 5.908991038187048211e-02
8.557017543859648868e+03 2.059898128115325577e-01 6.099043070585086213e-02
8.561403508771929410e+03 2.231743238756558056e-01 6.050661507608207090e-02
8.565789473684209952e+03 1.742600530209075516e-01 6.017714080266019921e-02
8.570175438596490494e+03 2.187996858584188020e-01 6.103457158811377570e-02
8.574561403508771036e+03 1.519851644324163586e-01 6.005974391681460911e-02
8.578947368421051578e+03 1.936386893385081687e-01 6.141181963118182152e-02
8.583333333333332121e+03 2.103895949180570324e-01 6.250663663063585340e-02
8.587719298245612663e+03 4.290611499656172279e-01 1.125967057930949977e-01
8.592105263157893205e+03 3.832808730811602671e-01 7.461615141673461071e-02
8.596491228070173747e+03 1.813729690653049786e-01 8.189983050889633465e-02
8.600877192982456108e+03 1.745453083786859816e-01 6.672159234014626850e-02
8.605263157894736651e+03 3.618030521230815588e-01 7.820971864657136341e-02
8.609649122807017193e+03 2.256088786449749750e-01 7.120035289816019353e-02
8.614035087719297735e+03 2.513264265757000904e-01 6.766772106815524546e-02
8.618421052631578277e+03 8.553384504098344998e-02 6.450690962608252033e-02
8.622807017543858819e+03 1.416318689089148264e-01 6.782561727850487665e-02
8.627192982456139362e+03 1.236374580584669036e-01 6.424395447438939477e-02
8.631578947368419904e+03 8.926496777997382226e-02 6.318707036825695067e-02
8.635964912280700446e+03 2.233094950315149263e-01 6.815555108183442290e-02
8.640350877192980988e+03 7.044741747963503831e-02 7.922123067710336308e-02
8.644736842105261530e+03 1.714974979420213208e-01 6.570701099664606748e-02
8.649122807017542073e+03 9.060167958874883187e-02 6.518586072947321619e-02
8.653508771929824434e+03 7.551193127353937606e-02 7.822980790687449060e-02
8.657894736842104976e+03 3.464991455301478229e-01 1.097666951919134409e-01
8.662280701754385518e+03 2.017812124873489266e-01 9.209040042282995442e-02
8.666666666666666060e+03 2.235021507777106009e-01 7.830432111492151293e-02
8.671052631578946603e+03 1.108060824800520539e-01 8.163934641425388272e-02
8.675438596491227145e+03 2.751269544576468995e-01 7.919275716357922212e-02
8.679824561403507687e+03 1.994478410014727809e-01 1.066516026404657896e-01
8.684210526315788229e+03 0.000000000000000000e+00 7.527743229461916763e-02
8.688596491228068771e+03 1.624744981493386753e-01 7.504356625311894846e-02
8.692982456140349314e+03 2.213144416021893268e-01 8.192063941037562580e-02
8.697368421052629856e+03 3.777304454265880129e-01 1.282924266601322139e-01
8.701754385964912217e+03 2.316752803524771143e-01 7.913537661775012222e-02
8.706140350877192759e+03 1.472068337264814120e-01 7.441268371214536381e-02
8.710526315789473301e+03 1.035047591735110128e-01 7.301892083181467374e-02
8.714912280701753843e+03 1.564439917968882543e-01 7.603726066175932330e-02
8.719298245614034386e+03 1.819361966653440521e-01 1.029636583720449083e-01
8.723684210526314928e+03 8.822222332239654241e-01 1.683953415909932860e-01
8.728070175438595470e+03 8.512044153159516180e-02 1.050579008984217216e-01
8.732456140350876012e+03 3.335509799921805851e-01 1.167316079245395155e-01
8.736842105263156554e+03 4.953598707462021355e-01 1.318446795501569957e-01
8.741228070175437097e+03 1.609016053087738707e-01 8.841156004880623698e-02
8.745614035087717639e+03 1.103699625865488948e-01 8.966911132820383490e-02
8.749999999999998181e+03 1.697981910249699300e-01 8.964552790652732805e-02
8.754385964912280542e+03 1.631175799088044609e-01 8.688531382905750888e-02
8.758771929824561084e+03 2.604058705136452767e-01 7.764788697700651665e-02
8.763157894736841627e+03 9.985227674136105958e-02 7.570231538132352056e-02
8.767543859649122169e+03 1.261051336626405617e-01 7.726141365428267072e-02
8.771929824561402711e+03 2.962082791387892766e-01 1.009222184331717426e-01
