3.464912280701753843e+03 1.710796570946811590e+00 7.255855874019110363e-01
3.469298245614034840e+03 1.494247395405543299e+00 7.146457156641408126e-01
3.473684210526315383e+03 1.086930749214813030e+00 6.957123488991622251e-01
3.478070175438595925e+03 1.634237402826857588e+00 6.402130727860965154e-01
3.482456140350876922e+03 1.820511819369161177e+00 6.091903611796126716e-01
3.486842105263157464e+03 1.228681966377059842e+00 7.103740941474695481e-01
3.491228070175438006e+03 2.595015040690864971e+00 7.910609724775304885e-01
3.495614035087719003e+03 1.843699571233470058e+00 7.852965693140374626e-01
3.499999999999999545e+03 4.419604820347263208e-01 8.147540892832220161e-01
3.504385964912280542e+03 3.531167460597251395e+00 8.576071735299742871e-01
3.508771929824561084e+03 2.864621855862376609e+00 8.627303933268087865e-01
3.513157894736841627e+03 1.773202283555534775e+00 8.423161712663811418e-01
3.517543859649122624e+03 1.429946102830421228e+00 8.840155229981937479e-01
3.521929824561403166e+03 1.342342764190334936e+00 8.920212283375219542e-01
3.526315789473683708e+03 1.059443064947360069e+00 8.919201383116005522e-01
3.530701754385964705e+03 1.532097574023952191e+00 8.993692805868672702e-01
3.535087719298245247e+03 9.190869469349773890e-01 8.793281829479583367e-01
3.539473684210525789e+03 2.772723923281189329e+00 8.914697765669059581e-01
3.543859649122806786e+03 7.484841820375801591e-01 8.983155022548612312e-01
3.548245614035087328e+03 2.309790100475250796e+00 1.124778741335470178e+00
3.552631578947367871e+03 2.056358541333397572e+00 1.114729370500198158e+00
3.557017543859648868e+03 1.662700520656227532e+00 1.025040652530438079e+00
3.561403508771929410e+03 1.703633121579071652e+00 9.944248566743624229e-01
3.565789473684209952e+03 2.396263246946321424e+00 9.335484998566707660e-01
3.570175438596490949e+03 1.969574741805141027e+00 9.159207846062606961e-01
3.574561403508771491e+03 2.224279580936408873e+00 8.964018907810297199e-01
3.578947368421052033e+03 1.267598218827818535e+00 8.646474123296040704e-01
3.583333333333333030e+03 1.341424293154260150e+00 8.331130034570800591e-01
3.587719298245613572e+03 8.984046659294099291e-01 8.248858087351153001e-01
3.592105263157894569e+03 2.481428754177594787e+00 7.984541744856441525e-01
3.596491228070175111e+03 2.579885896053045080e+00 7.383118561988701867e-01
3.600877192982455654e+03 2.514597073188185039e+00 7.519138599394850075e-01
3.605263157894736651e+03 2.260947716153405285e+00 7.503128892480677159e-01
3.609649122807017193e+03 2.261064140059663163e+00 7.633716760797287781e-01
3.614035087719297735e+03 9.975126458369153459e-01 7.312690617525177128e-01
3.618421052631578732e+03 2.100121435813441906e+00 7.394496869119794313e-01
3.622807017543859274e+03 2.261226849567676833e+00 7.110428217065841716e-01
3.627192982456139816e+03 2.795616554741171988e+00 7.211819241378986112e-01
3.631578947368420813e+03 2.524569206700280954e+00 7.366822054720086888e-01
3.635964912280701355e+03 2.741744941629738808e+00 6.949110116712126084e-01
3.640350877192981898e+03 2.050501566966391742e+00 7.008758911220666077e-01
3.644736842105262895e+03 2.907378393455158694e+00 7.076895292456142350e-01
3.649122807017543437e+03 1.540997216190816976e+00 7.129362719673808524e-01
3.653508771929823979e+03 1.144057404368764574e+00 7.217830690392343929e-01
3.657894736842104976e+03 1.904663870694498495e+00 7.184127389334461489e-01
3.662280701754385518e+03 2.343580861443198771e+00 7.058602541136327346e-01
3.666666666666666060e+03 2.072629492134784090e+00 7.105248773041107357e-01
3.671052631578947057e+03 2.454403925927703511e+00 7.108633585144991107e-01
3.675438596491227599e+03 1.832112893706251411e+00 7.123734617668860958e-01
3.679824561403508596e+03 1.480588287158712824e+00 7.225443678018612648e-01
3.684210526315789139e+03 1.689220267925483521e+00 6.943527448426692894e-01
3.688596491228069681e+03 1.758514925047850896e+00 7.300877850451220619e-01
3.692982456140350678e+03 1.703336240618114283e+00 7.468272710790095914e-01
3.697368421052631220e+03 1.529383732769084459e+00 7.360924190005518897e-01
3.701754385964911762e+03 2.564893904456011064e+00 7.600595579270694735e-01
3.706140350877192759e+03 1.937253477702763238e+00 7.001693967836050136e-01
3.710526315789473301e+03 2.446829273002276040e+00 7.640321687771812753e-01
3.714912280701753843e+03 1.719933803070666123e+00 7.378384936336709332e-01
3.719298245614034840e+03 5.853231764360286027e-01 7.395076149043612324e-01
3.723684210526315383e+03 2.053156883911309460e+00 7.582146649540046912e-01
3.728070175438595925e+03 1.436057165273815439e+00 7.398477998792314381e-01
3.732456140350876922e+03 2.059453145553877373e+00 7.579343956967452556e-01
3.736842105263157464e+03 1.337795757541252017e+00 7.269412160079463670e-01
3.741228070175438006e+03 1.153968202359515027e+00 7.640230820332781780e-01
3.745614035087719003e+03 1.884775345164936278e+00 7.176679098941436408e-01
3.749999999999999545e+03 2.162417880326730657e+00 7.323881510563269304e-01
3.754385964912280087e+03 1.041894290784607602e+00 8.816052641779115184e-01
3.758771929824561084e+03 1.950865987991015738e+00 8.373244252953936373e-01
3.763157894736841627e+03 2.094815061334811546e+00 7.895934633371889388e-01
3.767543859649122169e+03 1.538725899364027150e+00 7.632739935827711486e-01
3.771929824561403166e+03 2.105951149948737999e+00 6.901532493557285264e-01
3.776315789473683708e+03 1.968346895535242336e+00 6.703824823479350714e-01
3.780701754385964705e+03 1.908984333459648353e+00 6.374118000172364074e-01
3.785087719298245247e+03 2.353593033420618319e+00 7.010496750992122328e-01
3.789473684210525789e+03 2.162830191331331253e+00 7.062018588922378548e-01
3.793859649122806786e+03 2.197670755180828106e+00 6.144572651144142306e-01
3.798245614035087328e+03 2.454112866162058815e+00 6.630097255136033763e-01
3.802631578947367871e+03 2.084568337780395186e+00 6.418722554306427464e-01
3.807017543859648868e+03 2.008257578521890352e+00 5.706994819278151665e-01
3.811403508771929410e+03 2.053653247297013262e+00 6.131155505849803511e-01
3.815789473684209952e+03 2.653278106754191068e+00 5.970876701829999078e-01
3.820175438596490949e+03 2.036279960875888140e+00 5.918951639639045137e-01
3.824561403508771491e+03 2.165413382246518470e+00 6.132598026444412431e-01
3.828947368421052033e+03 2.374636512496331786e+00 5.965211684927945734e-01
3.833333333333333030e+03 2.019920414321446867e+00 5.806866653595006422e-01
3.837719298245613572e+03 2.542309938327985019e+00 5.761168850585107748e-01
3.842105263157894115e+03 1.561679724364982036e+00 5.807318151182688792e-01
3.846491228070175111e+03 2.305253827542403489e+00 5.257842747365660818e-01
3.850877192982455654e+03 1.496551225737861257e+00 5.500847835800265484e-01
3.855263157894736196e+03 1.840838269162700547e+00 5.654288865033030298e-01
3.859649122807017193e+03 2.420561768064553476e+00 5.719344272163882081e-01
3.864035087719297735e+03 2.155069544116638536e+00 5.627020114501491976e-01
3.868421052631578732e+03 2.255828471807027835e+00 5.920661083335805319e-01
3.872807017543859274e+03 2.098168069835034455e+00 5.827717891245022264e-01
3.877192982456139816e+03 2.487030447833074032e+00 6.074011245129540271e-01
3.881578947368420813e+03 1.475748602167727963e+00 5.883104434941539562e-01
3.885964912280701355e+03 1.821054354772322359e+00 6.038121446319989483e-01
3.890350877192981898e+03 1.735099607040920144e+00 5.902794273136446890e-01
3.894736842105262895e+03 1.029439772422498844e+00 6.041685153694463795e-01
3.899122807017543437e+03 2.439800960554018516e+00 6.150927692661332102e-01
3.903508771929823979e+03 2.046985848958154719e+00 6.225810981244818132e-01
3.907894736842104976e+03 1.421344449071426874e+00 6.014907655255183894e-01
3.912280701754385518e+03 2.250673732367279634e+00 6.131854049287350783e-01
3.916666666666666060e+03 1.464762899165396703e+00 6.342737498024697551e-01
3.921052631578947057e+03 1.671974451483673629e+00 6.389162240546839566e-01
3.925438596491227599e+03 1.706651567527214253e+00 6.551195921982920778e-01
3.929824561403508142e+03 2.186244458683498149e+00 6.430711377043505372e-01
3.934210526315789139e+03 2.305691695014231435e+00 6.711662140095725482e-01
3.938596491228069681e+03 7.732188668631579942e-01 6.490206832748681709e-01
3.942982456140350223e+03 1.827598826503816998e+00 6.662704467710610645e-01
3.947368421052631220e+03 1.814004319326922188e+00 6.744198362483559972e-01
3.951754385964911762e+03 2.234991148233614666e+00 6.960607687356945572e-01
3.956140350877192759e+03 2.543331913056330773e+00 1.129745498760724276e+00
3.960526315789473301e+03 1.637191900814782830e+00 1.049243762837687832e+00
3.964912280701753843e+03 4.824510128666874009e-01 9.922724342123289132e-01
3.969298245614034840e+03 1.215148681137211639e+00 9.478288858217972512e-01
3.973684210526315383e+03 1.668427838546166386e+00 8.986840833044285048e-01
3.978070175438595925e+03 1.951068735964352596e+00 8.742106423660631620e-01
3.982456140350876922e+03 1.467433095653455366e+00 8.541147403029889507e-01
3.986842105263157464e+03 1.249332443778966573e+00 8.114695153230188085e-01
3.991228070175438006e+03 1.359463978656374472e+00 7.721403839461654650e-01
3.995614035087719003e+03 1.915856467497071947e+00 7.525584508351071955e-01
3.999999999999999545e+03 2.662023529839375957e+00 7.536414771240511623e-01
4.004385964912280087e+03 2.085262905767483854e+00 7.090110825620131729e-01
4.008771929824561084e+03 1.981149265812389482e+00 6.929877455319840562e-01
4.013157894736841627e+03 1.830569879403290523e+00 6.792576754944856798e-01
4.017543859649122169e+03 2.173873708741745681e+00 6.573989451142210338e-01
4.021929824561403166e+03 1.406244495598395261e+00 6.321962929776364648e-01
4.026315789473683708e+03 1.652697066273740578e+00 6.238495507811973040e-01
4.030701754385964250e+03 1.415456835339823582e+00 6.028395790736262860e-01
4.035087719298245247e+03 8.888513745190946835e-01 5.892321800788190567e-01
4.039473684210525789e+03 3.139176971010589234e+00 5.984989550954412652e-01
4.043859649122806786e+03 2.886582528150803295e+00 5.961364016806499633e-01
4.048245614035087328e+03 1.868843528683655775e+00 5.726752808052331112e-01
4.052631578947367871e+03 2.973855308085342042e+00 5.747811337047634694e-01
4.057017543859648868e+03 1.800921083474946949e+00 5.568651982961787539e-01
4.061403508771929410e+03 2.356952573018021191e+00 5.537927430139621965e-01
4.065789473684209952e+03 1.832673744577592023e+00 5.461513593129967425e-01
4.070175438596490949e+03 1.575632206657544776e+00 5.388901990522242391e-01
4.074561403508771491e+03 1.570868750929083957e+00 5.291287644143798374e-01
4.078947368421052033e+03 2.307665790127167327e+00 5.335471936372346846e-01
4.083333333333333030e+03 1.916605271986832060e+00 5.273247617888788819e-01
4.087719298245613572e+03 1.505676957451463460e+00 5.430840153242255663e-01
4.092105263157894115e+03 1.640200578513229868e+00 5.161682280011704593e-01
4.096491228070174657e+03 2.219211165563739208e+00 5.197049591046831729e-01
4.100877192982456108e+03 2.019737827561145060e+00 5.312749397399799678e-01
4.105263157894736651e+03 2.431326436021442827e+00 5.213706728464096996e-01
4.109649122807017193e+03 2.537115160422914073e+00 5.347917935912046561e-01
4.114035087719297735e+03 1.697738408828793899e+00 5.200988126607306583e-01
4.118421052631578277e+03 1.728511774503363352e+00 5.287780728918718420e-01
4.122807017543858819e+03 2.083745135574929019e+00 5.218298373742603635e-01
4.127192982456140271e+03 1.253113949046367415e+00 5.088712886862796214e-01
4.131578947368420813e+03 1.717617932802676828e+00 5.223597081281066146e-01
4.135964912280701355e+03 1.540605975073641387e+00 5.252666142948395622e-01
4.140350877192981898e+03 1.844774391056826612e+00 5.376782545841558569e-01
4.144736842105262440e+03 2.496179663100451140e+00 5.442828975979333572e-01
4.149122807017542982e+03 2.103164927099467452e+00 5.287814804208353925e-01
4.153508771929824434e+03 1.732652887660727004e+00 5.329863711619687860e-01
4.157894736842104976e+03 1.907731782604763282e+00 5.426115046412673948e-01
4.162280701754385518e+03 2.625477781704323554e+00 5.550370590071851407e-01
4.166666666666666060e+03 2.116603085489080271e+00 5.450541349867042973e-01
4.171052631578946603e+03 1.616584145307257359e+00 5.422775668028305684e-01
4.175438596491228054e+03 1.114168548024932148e+00 5.441803877682772628e-01
4.179824561403508596e+03 1.701316740181737730e+00 5.420986715322394511e-01
4.184210526315789139e+03 1.739961100217272350e+00 5.511646863007538810e-01
4.188596491228069681e+03 1.580274189657666861e+00 5.569055207222485260e-01
4.192982456140350223e+03 2.172749508144490971e+00 5.656841672148292810e-01
4.197368421052630765e+03 8.022507296726344439e-01 5.467800484067885103e-01
4.201754385964912217e+03 1.891509957012602383e+00 9.283767227721042570e-01
4.206140350877192759e+03 2.124894739300607682e+00 8.975417092193677115e-01
4.210526315789473301e+03 3.016093617314903774e+00 8.547499604939610141e-01
4.214912280701753843e+03 1.788183938981378729e+00 8.140194828308103814e-01
4.219298245614034386e+03 1.973737322394975902e+00 7.806484158468838253e-01
4.223684210526314928e+03 2.296223023906513117e+00 7.666996960342183920e-01
4.228070175438596380e+03 2.070720991954398293e+00 7.424681896522715707e-01
4.232456140350876922e+03 2.719831974746802938e+00 7.121587874421766440e-01
4.236842105263157464e+03 1.550841879723598105e+00 6.745433591732880041e-01
4.241228070175438006e+03 1.406584055859622095e+00 6.544358147195881159e-01
4.245614035087718548e+03 1.735948053356792142e+00 6.285252484408070384e-01
4.249999999999999091e+03 2.135640665848197006e+00 6.197468859089731996e-01
4.254385964912280542e+03 2.124368843997218814e+00 5.979100205062253259e-01
4.258771929824561084e+03 1.362006761957267553e+00 5.568498644158422772e-01
4.263157894736841627e+03 1.962155983329800346e+00 5.321992319713676478e-01
4.267543859649122169e+03 1.690439027451479115e+00 5.274809401997124780e-01
4.271929824561402711e+03 2.266195878678906706e+00 5.238468105599890512e-01
4.276315789473684163e+03 1.996168517641132567e+00 5.180846790824716885e-01
4.280701754385964705e+03 2.451201700584121124e+00 5.184725694628328219e-01
4.285087719298245247e+03 2.087351153100701850e+00 4.948061449673565870e-01
4.289473684210525789e+03 1.343624137061037338e+00 4.711862900343833926e-01
4.293859649122806331e+03 1.386919121022224477e+00 4.865198864100219733e-01
4.298245614035086874e+03 2.549275211490415138e+00 4.836799949795739795e-01
4.302631578947368325e+03 1.680052680397777776e+00 4.635108310437814350e-01
4.307017543859648868e+03 2.086615978726796605e+00 4.561610750299542882e-01
4.311403508771929410e+03 1.561092521936322752e+00 4.563385504968106021e-01
4.315789473684209952e+03 1.560848940407571606e+00 4.240760662690553628e-01
4.320175438596490494e+03 2.289786769615688833e+00 4.454957933345041754e-01
4.324561403508771036e+03 2.269821489496220757e+00 4.482076184680686692e-01
4.328947368421052488e+03 2.273669725539159803e+00 4.344301269858262260e-01
4.333333333333333030e+03 2.037719357902279427e+00 4.253641122173117406e-01
4.337719298245613572e+03 2.646193570078033908e+00 4.364783358537215885e-01
4.342105263157894115e+03 2.042289706124763349e+00 4.326832004704661561e-01
4.346491228070174657e+03 1.944259641212756629e+00 4.185712032282929429e-01
4.350877192982456108e+03 1.600656447960572493e+00 4.144259442440233476e-01
4.355263157894736651e+03 1.868105883851251647e+00 4.237921055220852384e-01
4.359649122807017193e+03 2.429396638785034312e+00 4.250176801060082110e-01
4.364035087719297735e+03 1.978576297484093249e+00 4.258880197954715285e-01
4.368421052631578277e+03 1.724979274414980335e+00 4.125191478281191038e-01
4.372807017543858819e+03 1.664875659978018563e+00 4.052736054084299377e-01
4.377192982456140271e+03 1.417289092059648148e+00 4.135715063563903393e-01
4.381578947368420813e+03 1.940041972238009560e+00 4.207318605519884125e-01
4.385964912280701355e+03 2.021111345694238892e+00 4.151756006160244317e-01
4.390350877192981898e+03 1.231381013277010661e+00 4.041295275588873692e-01
4.394736842105262440e+03 1.769754517354048096e+00 4.175509322644293531e-01
4.399122807017542982e+03 2.017681667792334377e+00 4.121979882232959524e-01
4.403508771929824434e+03 2.044964900321968759e+00 4.158551186835238722e-01
4.407894736842104976e+03 1.618017141858412389e+00 4.229740146100643972e-01
4.412280701754385518e+03 1.606988319416653654e+00 4.274696811560950160e-01
4.416666666666666060e+03 2.590546918337290450e+00 4.390300071259949366e-01
4.421052631578946603e+03 2.161012842550722457e+00 4.254410655797406515e-01
4.425438596491227145e+03 1.639226791923645177e+00 4.474037255933963064e-01
4.429824561403508596e+03 1.699843778995054233e+00 4.333862872799641441e-01
4.434210526315789139e+03 1.725131108226385379e+00 4.433308765996040735e-01
4.438596491228069681e+03 1.956841941911001692e+00 4.476592902656694184e-01
4.442982456140350223e+03 2.411686574918002535e+00 4.490257093800895105e-01
4.447368421052630765e+03 2.046227389802997898e+00 4.508992823885982770e-01
4.451754385964912217e+03 1.457204290022172888e+00 4.479324605042546148e-01
4.456140350877192759e+03 2.192294526358443463e+00 4.484333672619099098e-01
4.460526315789473301e+03 1.691140694457242244e+00 4.539163653251556685e-01
4.464912280701753843e+03 1.502302566706993803e+00 4.598341072920125727e-01
4.469298245614034386e+03 1.500794735140582592e+00 4.605582071967863067e-01
4.473684210526314928e+03 1.479247055362548968e+00 4.595166391768999992e-01
4.478070175438596380e+03 1.434881425800985655e+00 4.634157041935464960e-01
4.482456140350876922e+03 1.879200911741166324e+00 4.695424412701734718e-01
4.486842105263157464e+03 1.653206548645954399e+00 8.603757908129326948e-01
4.491228070175438006e+03 2.344024124169219458e+00 8.349104749854008301e-01
4.495614035087718548e+03 8.376407575675184347e-01 7.680408426421582169e-01
4.499999999999999091e+03 2.071097239944133861e+00 7.598877616751525954e-01
4.504385964912280542e+03 2.154914217588045577e+00 7.387801074706238369e-01
4.508771929824561084e+03 1.868328821433697939e+00 7.002046079162292935e-01
4.513157894736841627e+03 1.195060729975052638e+00 6.713399979867182843e-01
4.517543859649122169e+03 1.978274447210064402e+00 6.599767407752157311e-01
4.521929824561402711e+03 1.890653815360487489e+00 6.355146582667291488e-01
4.526315789473684163e+03 1.841484052693459939e+00 6.183654168749637137e-01
4.530701754385964705e+03 1.685014780866781470e+00 5.739184609554682792e-01
4.535087719298245247e+03 2.805333691502488680e+00 5.562342375164111008e-01
4.539473684210525789e+03 1.316387786450727626e+00 5.370981227780958767e-01
4.543859649122806331e+03 2.287419104907451928e+00 5.488981116184384890e-01
4.548245614035086874e+03 2.247622006219592183e+00 5.043568807309489754e-01
4.552631578947368325e+03 2.005981065213431336e+00 5.108592978758174086e-01
4.557017543859648868e+03 2.561923391081957213e+00 5.070797803336453136e-01
4.561403508771929410e+03 1.813486374924448530e+00 5.060972761491288052e-01
4.565789473684209952e+03 9.984698775149515315e-01 4.663447592985431323e-01
4.570175438596490494e+03 2.129787950892396253e+00 4.684273274168218038e-01
4.574561403508771036e+03 1.982155054778157899e+00 4.603094575824405177e-01
4.578947368421052488e+03 1.371650381281193987e+00 4.499647675703196681e-01
4.583333333333333030e+03 2.200565167074694184e+00 4.416787929737320817e-01
4.587719298245613572e+03 1.942059229384485164e+00 4.384899137852578122e-01
4.592105263157894115e+03 1.853773305900831891e+00 4.236484213841183455e-01
4.596491228070174657e+03 2.077902359245272113e+00 4.290854178063549518e-01
4.600877192982455199e+03 1.526640813933726637e+00 4.081930058480295886e-01
4.605263157894736651e+03 2.790241461761774566e+00 4.156307896934174906e-01
4.609649122807017193e+03 2.249945373051301711e+00 4.134786511921311192e-01
4.614035087719297735e+03 1.202541959814726891e+00 3.900416669802065917e-01
4.618421052631578277e+03 2.284996067853556134e+00 3.835699175960110008e-01
4.622807017543858819e+03 2.075702515338494258e+00 3.834708152953184013e-01
4.627192982456140271e+03 1.917384460276517988e+00 3.865793335924001539e-01
4.631578947368420813e+03 2.268919914124590598e+00 3.868161568553732388e-01
4.635964912280701355e+03 1.756198856007338494e+00 3.839243006082297405e-01
4.640350877192981898e+03 2.277435612965477141e+00 3.881717854614085139e-01
4.644736842105262440e+03 1.791892494732882923e+00 3.840995043891102800e-01
4.649122807017542982e+03 2.212895026668883602e+00 3.795229090301930897e-01
4.653508771929824434e+03 2.454568907121692956e+00 3.899652815392717353e-01
4.657894736842104976e+03 1.849062198336075102e+00 3.823781343409774491e-01
4.662280701754385518e+03 2.332742647652844337e+00 3.822455246721424560e-01
4.666666666666666060e+03 1.673065741030354214e+00 3.791015112816894517e-01
4.671052631578946603e+03 1.801407735403104171e+00 3.734177529703358589e-01
4.675438596491227145e+03 2.519814851913760201e+00 3.760097466686789791e-01
4.679824561403508596e+03 1.735048550898615094e+00 3.790912886947985783e-01
4.684210526315789139e+03 1.832473807815650169e+00 3.729619959714489119e-01
4.688596491228069681e+03 2.325096720579927112e+00 3.827322333924492170e-01
4.692982456140350223e+03 1.941642658968679935e+00 3.783121004051125946e-01
4.697368421052630765e+03 1.727884079272185902e+00 3.827583577811704552e-01
4.701754385964912217e+03 2.079115723517075409e+00 3.821745344853999526e-01
4.706140350877192759e+03 2.101601723187396686e+00 3.805670326968021433e-01
4.710526315789473301e+03 2.168636336724628855e+00 3.743525517493614951e-01
4.714912280701753843e+03 2.926093110444970335e+00 3.977182618137964365e-01
4.719298245614034386e+03 1.634817023503572830e+00 3.817383707780538926e-01
4.723684210526314928e+03 2.302493729081854124e+00 3.925899307235163338e-01
4.728070175438596380e+03 1.813774424706174893e+00 3.874820448070180889e-01
4.732456140350876922e+03 1.695781067399928954e+00 3.848520003685810265e-01
4.736842105263157464e+03 2.080877699952024873e+00 3.967530792348450408e-01
4.741228070175438006e+03 2.193369033824978054e+00 3.967096332405585790e-01
4.745614035087718548e+03 2.460456265288623712e+00 4.087274199738273328e-01
4.749999999999999091e+03 2.024609174175417081e+00 4.146147781407584776e-01
4.754385964912280542e+03 2.640071092412611620e+00 4.298850512698227933e-01
4.758771929824561084e+03 1.385068492042071053e+00 4.189105363209222332e-01
4.763157894736841627e+03 2.532457352290363506e+00 4.240238174916128311e-01
4.767543859649122169e+03 2.028711555086894158e+00 4.138727887089255764e-01
4.771929824561402711e+03 1.898760042804242820e+00 4.300900709291351487e-01
4.776315789473683253e+03 1.995328277790847871e+00 4.277303571218135647e-01
4.780701754385964705e+03 1.530569723224879608e+00 4.418403666387580309e-01
4.785087719298245247e+03 1.934020300637761425e+00 4.451950789034628264e-01
4.789473684210525789e+03 1.862110563808322627e+00 4.780280402718810606e-01
4.793859649122806331e+03 1.606806638491134809e+00 4.668780375813529337e-01
4.798245614035086874e+03 1.746130885743140126e+00 4.822883033586735091e-01
4.802631578947368325e+03 2.086328326490115792e+00 4.861691948875138669e-01
4.807017543859648868e+03 2.149031118832319454e+00 5.006256365157618626e-01
4.811403508771929410e+03 1.121512624823820081e+00 4.985300062031225443e-01
4.815789473684209952e+03 1.840470398015000786e+00 8.411973659233189515e-01
4.820175438596490494e+03 1.235471467837115034e+00 7.928590119273452030e-01
4.824561403508771036e+03 2.089610912725090142e+00 7.828652973984793206e-01
4.828947368421052488e+03 1.856374272758779309e+00 7.391833317313214469e-01
4.833333333333333030e+03 2.300796211736466645e+00 7.210674879568698126e-01
4.837719298245613572e+03 2.497088621451502011e+00 6.955306140211013899e-01
4.842105263157894115e+03 1.314992687300863716e+00 6.584484640350225515e-01
4.846491228070174657e+03 2.505632716367085955e+00 6.592745058479585474e-01
4.850877192982455199e+03 2.536293378021182487e+00 6.356265388010352568e-01
4.855263157894736651e+03 2.267969781465228873e+00 6.182895993555227454e-01
4.859649122807017193e+03 2.266223138910615553e+00 6.183529226020969549e-01
4.864035087719297735e+03 2.272756507776903856e+00 6.144166587275973201e-01
4.868421052631578277e+03 2.140126393768083890e+00 5.841296894165131093e-01
4.872807017543858819e+03 1.202935529410027460e+00 5.543200581210856459e-01
4.877192982456140271e+03 1.910306738658288372e+00 5.594245365086202293e-01
4.881578947368420813e+03 1.622930117118190241e+00 5.590658940851970238e-01
4.885964912280701355e+03 2.222956323855528105e+00 5.667842311485914442e-01
4.890350877192981898e+03 2.724948095524963421e+00 6.551888786205527504e-01
4.894736842105262440e+03 2.515909823721427685e+00 6.144575490751611468e-01
4.899122807017542982e+03 2.341364831773844468e+00 5.615479949744627275e-01
4.903508771929824434e+03 2.910588569699656070e+00 5.635959198816110627e-01
4.907894736842104976e+03 2.964777366965455130e+00 5.521014728050082088e-01
4.912280701754385518e+03 1.372310873978646262e+00 5.500325348025840722e-01
4.916666666666666060e+03 2.190390569550008770e+00 6.485652102367280847e-01
4.921052631578946603e+03 2.419840223806501989e+00 5.948120087567814185e-01
4.925438596491227145e+03 2.570370087461329778e+00 5.553213037149022924e-01
4.929824561403508596e+03 1.500097639902845392e+00 5.165018818788602584e-01
4.934210526315789139e+03 8.940663136372005715e-01 4.941604182287465674e-01
4.938596491228069681e+03 2.010583784961069931e+00 4.804241010548147561e-01
4.942982456140350223e+03 1.815097511410607600e+00 4.556871445432612022e-01
4.947368421052630765e+03 1.896292991834566788e+00 4.435830337429135239e-01
4.951754385964911307e+03 2.049018723945714271e+00 4.360203071688588117e-01
4.956140350877192759e+03 1.861680107711990440e+00 4.229737306493173699e-01
4.960526315789473301e+03 1.676301558930302749e+00 4.125864465251509738e-01
4.964912280701753843e+03 2.120947968878470036e+00 4.137265489242359928e-01
4.969298245614034386e+03 2.317718284530656092e+00 4.052057387899040686e-01
4.973684210526314928e+03 2.046860338307994187e+00 4.056342355570819458e-01
4.978070175438596380e+03 2.327470632424597063e+00 4.094767923850814451e-01
4.982456140350876922e+03 1.872612823638936996e+00 4.072973936520858929e-01
4.986842105263157464e+03 2.011373195837646399e+00 4.087345189925015720e-01
4.991228070175438006e+03 1.572573480877444307e+00 4.178868578280949819e-01
4.995614035087718548e+03 2.265959907298174425e+00 4.334189427658657334e-01
4.999999999999999091e+03 1.681813095048618978e+00 4.381920389616861811e-01
5.004385964912280542e+03 2.334520525889624221e+00 4.546188842131596575e-01
5.008771929824561084e+03 2.355071049108597769e+00 4.651975578807838740e-01
5.013157894736841627e+03 1.509358906080976670e+00 4.812694521985447782e-01
5.017543859649122169e+03 1.378078343918206716e+00 4.992075365453931823e-01
5.021929824561402711e+03 1.750757571777822985e+00 5.226706451460388925e-01
5.026315789473683253e+03 2.807573573874588835e+00 5.408447008736194661e-01
5.030701754385964705e+03 1.956112730712782577e+00 5.574498734741901718e-01
5.035087719298245247e+03 2.125761387500360478e+00 5.691158328419628765e-01
5.039473684210525789e+03 1.587848706281935751e+00 5.850542656086478166e-01
5.043859649122806331e+03 2.432130328896115135e+00 5.911418161021929629e-01
5.048245614035086874e+03 2.649193615369772825e+00 5.992023258656863360e-01
5.052631578947367416e+03 2.367119219641791616e+00 5.977890532280161207e-01
5.057017543859648868e+03 3.059804830938999576e+00 5.998540157799826522e-01
5.061403508771929410e+03 1.945059842597718136e+00 5.853964383087467693e-01
5.065789473684209952e+03 1.193926590751653860e+00 5.661989880490859717e-01
5.070175438596490494e+03 1.456780194646573268e+00 5.540965810132201241e-01
5.074561403508771036e+03 1.668315958011860056e+00 5.214189461733946818e-01
5.078947368421052488e+03 2.433084720966681935e+00 4.826335996269891515e-01
5.083333333333333030e+03 1.735564592764083702e+00 4.762904844611709487e-01
5.087719298245613572e+03 2.238734602760921621e+00 4.690798692133591463e-01
5.092105263157894115e+03 1.643147012015940822e+00 4.546822074597339780e-01
5.096491228070174657e+03 1.981885008107789004e+00 4.454742123177344304e-01
5.100877192982455199e+03 1.376152720904778359e+00 4.327436841095708142e-01
5.105263157894736651e+03 2.029551227015684578e+00 4.323946963515444830e-01
5.109649122807017193e+03 1.478577504317268199e+00 4.219659539583204833e-01
5.114035087719297735e+03 2.233659940251819354e+00 4.222433836081103120e-01
5.118421052631578277e+03 2.784657089711860767e+00 4.223930309217635570e-01
5.122807017543858819e+03 2.140744576314237868e+00 4.192978587797894230e-01
5.127192982456139362e+03 1.503335360339798754e+00 4.135803091395463538e-01
5.131578947368420813e+03 2.433019977916372589e+00 4.302553360838717311e-01
5.135964912280701355e+03 2.211357379224040187e+00 4.216266208656911929e-01
5.140350877192981898e+03 2.205514034972889004e+00 4.231145751798146004e-01
5.144736842105262440e+03 2.440059648794508540e+00 4.434731409338361074e-01
5.149122807017542982e+03 2.431975002367522620e+00 4.445022146808557673e-01
5.153508771929824434e+03 1.664121233065468441e+00 4.375420528118715846e-01
5.157894736842104976e+03 3.089099925360917709e+00 4.484293918114523048e-01
5.162280701754385518e+03 2.132316337383417970e+00 4.488771979094242082e-01
5.166666666666666060e+03 1.892600934202461227e+00 5.003788746266448761e-01
5.171052631578946603e+03 2.223186332060573811e+00 4.889335527592678643e-01
5.175438596491227145e+03 2.459775895338883522e+00 4.685252938745265161e-01
5.179824561403508596e+03 1.992460558207196586e+00 4.750007347484327402e-01
5.184210526315789139e+03 1.813108054021260518e+00 4.640869873993838657e-01
5.188596491228069681e+03 1.624069072315857287e+00 4.790187793180597509e-01
5.192982456140350223e+03 2.049509976037972248e+00 4.738759662296841979e-01
5.197368421052630765e+03 1.692555699255469115e+00 4.747346635285217831e-01
5.201754385964911307e+03 1.997243025107666936e+00 4.663717355695052857e-01
5.206140350877192759e+03 2.593991646158785080e+00 4.783438046225118034e-01
5.210526315789473301e+03 2.105590803760832852e+00 4.577731201905035907e-01
5.214912280701753843e+03 2.167730501941794952e+00 4.591037602508054594e-01
5.219298245614034386e+03 1.978656374414739183e+00 4.535832793689597020e-01
5.223684210526314928e+03 1.657085793202462520e+00 4.514371040433596272e-01
5.228070175438595470e+03 2.004006118218254251e+00 4.332553813756109262e-01
5.232456140350876922e+03 1.674338680266871826e+00 4.236839164774896527e-01
5.236842105263157464e+03 1.655886768948381160e+00 4.159848887448892030e-01
5.241228070175438006e+03 1.420338432937061413e+00 4.122357550026429229e-01
5.245614035087718548e+03 1.439061640353207272e+00 3.982055384555971411e-01
5.249999999999999091e+03 2.250835306032306082e+00 3.954085250979416100e-01
5.254385964912280542e+03 2.592000229440283299e+00 3.909145623163927108e-01
5.258771929824561084e+03 1.285645628062250356e+00 3.761097008516124385e-01
5.263157894736841627e+03 2.364992069686238985e+00 3.862172836400132869e-01
5.267543859649122169e+03 1.392244748039499269e+00 3.769402860365000385e-01
5.271929824561402711e+03 1.954255059506104120e+00 3.854233293914848812e-01
5.276315789473683253e+03 2.174068789774914023e+00 3.595414431481478434e-01
5.280701754385964705e+03 2.060897937834461402e+00 3.529308369586838245e-01
5.285087719298245247e+03 1.485483316099282192e+00 3.405981377570252988e-01
5.289473684210525789e+03 1.951047154947582962e+00 3.427434612003844028e-01
5.293859649122806331e+03 1.850809891545452057e+00 3.377835188330575722e-01
5.298245614035086874e+03 1.896160950087225627e+00 3.294137758161138074e-01
5.302631578947367416e+03 1.930940746336870850e+00 3.271633868963757519e-01
5.307017543859648868e+03 1.768317164845034650e+00 3.243251992304095332e-01
5.311403508771929410e+03 1.782575146307225245e+00 3.168328949216033807e-01
5.315789473684209952e+03 1.781107438394360809e+00 3.148238726367899032e-01
5.320175438596490494e+03 1.449925609383312386e+00 3.123406359045363678e-01
5.324561403508771036e+03 2.234005236520134829e+00 3.196651194118831918e-01
5.328947368421052488e+03 1.659497528618628870e+00 3.099352044169526033e-01
5.333333333333333030e+03 1.738603966619278074e+00 3.089078344344147742e-01
5.337719298245613572e+03 1.814537256856835423e+00 3.111201726140588320e-01
5.342105263157894115e+03 1.977661375957356027e+00 3.138055893981551159e-01
5.346491228070174657e+03 1.706414346719195452e+00 3.165526256643438896e-01
5.350877192982455199e+03 2.098502291634217976e+00 3.221367137535109393e-01
5.355263157894736651e+03 2.075310649507675631e+00 3.303042767186120665e-01
5.359649122807017193e+03 1.336907641909028444e+00 3.330924872931115277e-01
5.364035087719297735e+03 1.767758358491072102e+00 3.461720032593014751e-01
5.368421052631578277e+03 1.549588278213949399e+00 3.366536390208635376e-01
5.372807017543858819e+03 2.160612457897495009e+00 3.424450184553188281e-01
5.377192982456139362e+03 1.749124399937698859e+00 3.424021403825263099e-01
5.381578947368420813e+03 1.912985908305951277e+00 3.493801917785696598e-01
5.385964912280701355e+03 1.418845963647060948e+00 3.483834895567046175e-01
5.390350877192981898e+03 1.801684483547101312e+00 3.606420750034040057e-01
5.394736842105262440e+03 1.577712488891810372e+00 3.576854757059512724e-01
5.399122807017542982e+03 1.719572832169117937e+00 3.529816659323914974e-01
5.403508771929823524e+03 1.934257975782975425e+00 3.527806217235366359e-01
5.407894736842104976e+03 2.025534886210539121e+00 3.513588302634573224e-01
5.412280701754385518e+03 2.044258689944253859e+00 3.583664135771855164e-01
5.416666666666666060e+03 2.152897244402317334e+00 3.541990056546522880e-01
5.421052631578946603e+03 2.471185154191395394e+00 3.508394660572490276e-01
5.425438596491227145e+03 1.603026292919424556e+00 3.434857345929642203e-01
5.429824561403508596e+03 1.243411862204639950e+00 3.356586405634803261e-01
5.434210526315789139e+03 1.474290350147737572e+00 3.373237863837130202e-01
5.438596491228069681e+03 1.523494585649447286e+00 3.310016843131706188e-01
5.442982456140350223e+03 1.388303486455852997e+00 3.265068696493808598e-01
5.447368421052630765e+03 2.022733613441679346e+00 3.244739946618219184e-01
5.451754385964911307e+03 2.144331284509217284e+00 3.205283600826723256e-01
5.456140350877192759e+03 2.369402264047431483e+00 3.385025074443859250e-01
5.460526315789473301e+03 1.856802939902405525e+00 3.192198689606340900e-01
5.464912280701753843e+03 1.811436007954876359e+00 3.095774138757702576e-01
5.469298245614034386e+03 2.098751041248564153e+00 3.497922188224232842e-01
5.473684210526314928e+03 1.523960849195972189e+00 3.073054439392624571e-01
5.478070175438595470e+03 2.066448518555485947e+00 2.985185625850196312e-01
5.482456140350876922e+03 2.027711161375318483e+00 2.898219807483132238e-01
5.486842105263157464e+03 1.711063664425411579e+00 2.836634968601750018e-01
5.491228070175438006e+03 1.425829211524773932e+00 2.930824180450239402e-01
5.495614035087718548e+03 1.491344152332446438e+00 2.836646043070882306e-01
5.499999999999999091e+03 2.249002907332107615e+00 2.810996720679313499e-01
5.504385964912280542e+03 1.837688803725905595e+00 2.753428790524570791e-01
5.508771929824561084e+03 1.770529616608977452e+00 2.684385722624018644e-01
5.513157894736841627e+03 1.344181438423041053e+00 2.736700378959814328e-01
5.517543859649122169e+03 1.868079021164588349e+00 2.775938926858384503e-01
5.521929824561402711e+03 1.480492563990909227e+00 2.696303839135100744e-01
5.526315789473683253e+03 2.617021430659554060e+00 3.607812157694193500e-01
5.530701754385964705e+03 1.649430410236671252e+00 2.902490577117562420e-01
5.535087719298245247e+03 2.025094463091988928e+00 2.768032607780496201e-01
5.539473684210525789e+03 1.853910884882739030e+00 2.738200543586057911e-01
5.543859649122806331e+03 1.634636112111678363e+00 2.837143542299573884e-01
5.548245614035086874e+03 2.111682613665582409e+00 2.860279812080456785e-01
5.552631578947367416e+03 1.647599970865627261e+00 3.049803733430712649e-01
5.557017543859648868e+03 1.712947147663989700e+00 2.894463006800717664e-01
5.561403508771929410e+03 1.707003678853457274e+00 2.978552302800974161e-01
5.565789473684209952e+03 1.968557026488000350e+00 3.051544412809639728e-01
5.570175438596490494e+03 1.342546903571331773e+00 3.127946891389415396e-01
5.574561403508771036e+03 1.494669531451989108e+00 3.207029959420589216e-01
5.578947368421051578e+03 1.574089297420060429e+00 3.146818922633048965e-01
5.583333333333333030e+03 1.683131780361473373e+00 3.470216138142359630e-01
5.587719298245613572e+03 1.812442052485316646e+00 3.248451313581118272e-01
5.592105263157894115e+03 1.813356065337663914e+00 3.262992943433457027e-01
5.596491228070174657e+03 3.418901591557391706e-01 3.025953870292693582e-01
5.600877192982455199e+03 0.000000000000000000e+00 3.103097486422061735e-01
5.605263157894736651e+03 1.565616811725647706e+00 3.337623506952139829e-01
5.609649122807017193e+03 2.108990665784305829e+00 3.361689180257855791e-01
5.614035087719297735e+03 1.998703435229334469e+00 3.365911676565301880e-01
5.618421052631578277e+03 1.830271067509253946e+00 3.353624695043905257e-01
5.622807017543858819e+03 2.009814535297527627e+00 3.364565702624663368e-01
5.627192982456139362e+03 2.072034594369881688e+00 3.375370409046875575e-01
5.631578947368420813e+03 1.579150818225793174e+00 3.356316642925181726e-01
5.635964912280701355e+03 2.192722739164874479e+00 3.344708327589043795e-01
5.640350877192981898e+03 2.291802039036935579e+00 3.329647049569749440e-01
5.644736842105262440e+03 1.619683136721278505e+00 3.293033150855424473e-01
5.649122807017542982e+03 1.877312090040545334e+00 3.265931937164597842e-01
5.653508771929823524e+03 2.009627121204527356e+00 3.266130709687476430e-01
5.657894736842104976e+03 1.937804645512632096e+00 3.231101311941245169e-01
5.662280701754385518e+03 2.297214046913438779e+00 3.215889534726056875e-01
5.666666666666666060e+03 2.075306106135724526e+00 3.397232546956103771e-01
5.671052631578946603e+03 1.735358039716737633e+00 3.510848081426312106e-01
5.675438596491227145e+03 1.824191098767652841e+00 3.344941175401559552e-01
5.679824561403508596e+03 1.923091219408376018e+00 3.119314484681524058e-01
5.684210526315789139e+03 1.735258000345579976e+00 3.069308997140089423e-01
5.688596491228069681e+03 1.378544664256881047e+00 2.935958190755458830e-01
5.692982456140350223e+03 2.474459505564707840e+00 2.989623932325339295e-01
5.697368421052630765e+03 1.922574410848890691e+00 2.885106500188052703e-01
5.701754385964911307e+03 1.863467583822017826e+00 3.111457290812861265e-01
5.706140350877192759e+03 2.223459218338411869e+00 3.017469123173227019e-01
5.710526315789473301e+03 1.960555296599129749e+00 2.817835063387847949e-01
5.714912280701753843e+03 1.505825980051473501e+00 2.762989464914307192e-01
5.719298245614034386e+03 1.994558176245065040e+00 2.807310910183641872e-01
5.723684210526314928e+03 2.306445326836689791e+00 2.841004556576126050e-01
5.728070175438595470e+03 1.693326567495268664e+00 2.739208036316307382e-01
5.732456140350876922e+03 1.739882812239332832e+00 2.906525659332007683e-01
5.736842105263157464e+03 1.550908468518762628e+00 2.734474410664315958e-01
5.741228070175438006e+03 1.663925442130432364e+00 2.829355350892424070e-01
5.745614035087718548e+03 2.047389641140346495e+00 2.770848362547451704e-01
5.749999999999999091e+03 2.251053955807472917e+00 2.967375607800231130e-01
5.754385964912279633e+03 1.613140842968712851e+00 2.702007758659489278e-01
5.758771929824561084e+03 1.822842853141038777e+00 2.879972489882833275e-01
5.763157894736841627e+03 1.721683881550317707e+00 2.850920465860322106e-01
5.767543859649122169e+03 1.775614530101045752e+00 2.907945463066858305e-01
5.771929824561402711e+03 1.755932046489485421e+00 2.874341548270416546e-01
5.776315789473683253e+03 1.781200265162545371e+00 2.881704650439350646e-01
5.780701754385964705e+03 1.771389591731176383e+00 2.897859177334480285e-01
5.785087719298245247e+03 1.885283549713788753e+00 2.959044199484128224e-01
5.789473684210525789e+03 1.853015954192588133e+00 2.927260473075765090e-01
5.793859649122806331e+03 1.924566111528138945e+00 3.078713777079739033e-01
5.798245614035086874e+03 2.096609693255662155e+00 3.025857323638724283e-01
5.802631578947367416e+03 1.833452563718307005e+00 3.024931611603601800e-01
5.807017543859648868e+03 1.670029320366928305e+00 3.031167389607065110e-01
5.811403508771929410e+03 2.254860165659860360e+00 3.096449965335491550e-01
5.815789473684209952e+03 1.852955356969184786e+00 3.099758108037693471e-01
5.820175438596490494e+03 1.914140208742384663e+00 3.149462597187340229e-01
5.824561403508771036e+03 1.644181850166124059e+00 3.114118003011971392e-01
5.828947368421051578e+03 2.285407243015168621e+00 3.143025207053528058e-01
5.833333333333333030e+03 1.690723016594523953e+00 3.115157299345882036e-01
5.837719298245613572e+03 2.036376223569111410e+00 3.129505835890281640e-01
5.842105263157894115e+03 1.973817115364874475e+00 3.120055622231116543e-01
5.846491228070174657e+03 2.288538762132755533e+00 3.124116260912789267e-01
5.850877192982455199e+03 1.830850801770268044e+00 3.071140543958046365e-01
5.855263157894736651e+03 1.512830723757732088e+00 3.046484232298632411e-01
5.859649122807017193e+03 1.684910112935448234e+00 3.011003336964717669e-01
5.864035087719297735e+03 1.986590237685083915e+00 3.025295081359722915e-01
5.868421052631578277e+03 1.661332766926296500e+00 2.969573463981779460e-01
5.872807017543858819e+03 1.758703219419166519e+00 2.932212748502923128e-01
5.877192982456139362e+03 2.012426690208905633e+00 2.970499176016902498e-01
5.881578947368420813e+03 1.491382799390109204e+00 2.899313056358966967e-01
5.885964912280701355e+03 2.077814331413711191e+00 2.912789833410168172e-01
5.890350877192981898e+03 1.837722538262645866e+00 3.083447402731731013e-01
5.894736842105262440e+03 1.651966690836458973e+00 2.963598929865529086e-01
5.899122807017542982e+03 1.873218739080821704e+00 2.930068844863299438e-01
5.903508771929823524e+03 2.046888734382691144e+00 2.923199834394092367e-01
5.907894736842104976e+03 1.505392258406551331e+00 2.764384848024918351e-01
5.912280701754385518e+03 1.874400867670458215e+00 2.753069864140400003e-01
5.916666666666666060e+03 1.864314610334155020e+00 2.731747535611162014e-01
5.921052631578946603e+03 2.011952191800718825e+00 2.685367658887041209e-01
5.925438596491227145e+03 2.004676549541850594e+00 2.642516562365517796e-01
5.929824561403507687e+03 1.639301416807948941e+00 2.591272154085051960e-01
5.934210526315789139e+03 2.277451798728054477e+00 2.628249806516245735e-01
5.938596491228069681e+03 1.844754627388837331e+00 2.534107164230259834e-01
5.942982456140350223e+03 1.833731441567906018e+00 2.537605844593678328e-01
5.947368421052630765e+03 1.664184897064939106e+00 2.480363901376456959e-01
5.951754385964911307e+03 1.688434804103289499e+00 2.485229000854295989e-01
5.956140350877192759e+03 2.100244958738374024e+00 2.500897386950611812e-01
5.960526315789473301e+03 1.679917628666518725e+00 2.443160216190675138e-01
5.964912280701753843e+03 1.769364525664159249e+00 2.439987522764777983e-01
5.969298245614034386e+03 1.787524638919063547e+00 2.453082088650557491e-01
5.973684210526314928e+03 1.695177082891123455e+00 2.418688479016791459e-01
5.978070175438595470e+03 2.051520418126520529e+00 2.464593573371978152e-01
5.982456140350876922e+03 1.862431183887726327e+00 2.450896726741875475e-01
5.986842105263157464e+03 1.663157328309878391e+00 2.480495375202304009e-01
5.991228070175438006e+03 1.842583463517504017e+00 2.824876438030465287e-01
5.995614035087718548e+03 2.036804152414795066e+00 2.751038976878070197e-01
5.999999999999999091e+03 2.182766507454608540e+00 2.610106702510085475e-01
6.004385964912279633e+03 2.159077366099374728e+00 2.493780478749300089e-01
6.008771929824561084e+03 1.998153119301706360e+00 2.539788082934144042e-01
6.013157894736841627e+03 1.908189243368132226e+00 2.524414448093182384e-01
6.017543859649122169e+03 1.926252838365141384e+00 2.572144842129892583e-01
6.021929824561402711e+03 2.021401269616895480e+00 2.880219535732697622e-01
6.026315789473683253e+03 1.525234583522581122e+00 2.387042189609961396e-01
6.030701754385964705e+03 1.340211070862830312e+00 2.361523489161999056e-01
6.035087719298245247e+03 1.845312865821306048e+00 2.664754096382240811e-01
6.039473684210525789e+03 1.840642705396262180e+00 2.577808723188958484e-01
6.043859649122806331e+03 1.852927131270935668e+00 2.688799324514175026e-01
6.048245614035086874e+03 1.767032015296397418e+00 2.574675216346143936e-01
6.052631578947367416e+03 1.971198145395569368e+00 2.812846157024329607e-01
6.057017543859648868e+03 2.279223429828400871e+00 2.715936033298372854e-01
6.061403508771929410e+03 1.308091305306502194e+00 2.750856674078515085e-01
6.065789473684209952e+03 2.101195943279976497e+00 2.841177772631777732e-01
6.070175438596490494e+03 1.712916707071914679e+00 2.724687419559244650e-01
6.074561403508771036e+03 1.493537436745968838e+00 2.951169967970647678e-01
6.078947368421051578e+03 2.085768071936343837e+00 2.788282700529174929e-01
6.083333333333333030e+03 1.690692604398523535e+00 2.745544620384945400e-01
6.087719298245613572e+03 1.765093727633654241e+00 2.899406763405467657e-01
6.092105263157894115e+03 1.622522761228624155e+00 2.734965094835080657e-01
6.096491228070174657e+03 1.298411651363785335e+00 2.976022212545471057e-01
6.100877192982455199e+03 1.453828451077893602e+00 2.722025287556399387e-01
6.105263157894735741e+03 1.721441805013525617e+00 2.708183053023848208e-01
6.109649122807017193e+03 2.166023613891757460e+00 2.763164952655934314e-01
6.114035087719297735e+03 2.168416551106474355e+00 2.831576491855224420e-01
6.118421052631578277e+03 2.104652313492096916e+00 2.701787121159093807e-01
6.122807017543858819e+03 1.924439465034990082e+00 2.849262135098016846e-01
6.127192982456139362e+03 1.968270226133560508e+00 2.679718543786818175e-01
6.131578947368420813e+03 1.723281785465667904e+00 3.000539383438869390e-01
6.135964912280701355e+03 1.949492185897174545e+00 2.910248384724786197e-01
6.140350877192981898e+03 1.942215407795318649e+00 2.816682182755149144e-01
6.144736842105262440e+03 1.938648576852627148e+00 2.806926427332243623e-01
6.149122807017542982e+03 2.280778114918062371e+00 2.864786269134872443e-01
6.153508771929823524e+03 2.195197741035465278e+00 2.643382358683029620e-01
6.157894736842104976e+03 1.932011846274442002e+00 2.603729796015377684e-01
6.162280701754385518e+03 1.774587415683180458e+00 2.513878368537603158e-01
6.166666666666666060e+03 1.931086986121560267e+00 2.509529225737008873e-01
6.171052631578946603e+03 1.897131243959622404e+00 2.467452490172473423e-01
6.175438596491227145e+03 2.212974819638782176e+00 2.510410639895604978e-01
6.179824561403507687e+03 1.501229109895222624e+00 2.424942430508061075e-01
6.184210526315789139e+03 2.147895559805185872e+00 2.582485556691556106e-01
6.188596491228069681e+03 2.023785404048456638e+00 2.399117336414118007e-01
6.192982456140350223e+03 2.055329751547124495e+00 2.359694497990764417e-01
6.197368421052630765e+03 1.893126261584356040e+00 2.396152218294256286e-01
6.201754385964911307e+03 2.141736735164151195e+00 2.339976831642654465e-01
6.206140350877192759e+03 1.908830426734790642e+00 2.309512386864714106e-01
6.210526315789473301e+03 1.658937217272707487e+00 2.285298202088332509e-01
6.214912280701753843e+03 1.847685954179809853e+00 2.250434921379077802e-01
6.219298245614034386e+03 2.095916545072308512e+00 2.338382108087670441e-01
6.223684210526314928e+03 2.240676042387956368e+00 2.249249385260477796e-01
6.228070175438595470e+03 1.755787822826099465e+00 2.196028894141847099e-01
6.232456140350876922e+03 2.033671213493473573e+00 2.229115716418056670e-01
6.236842105263157464e+03 2.013160160818329381e+00 2.223161059554093488e-01
6.241228070175438006e+03 2.105770834874411523e+00 2.225717558159065468e-01
6.245614035087718548e+03 1.841780734881894199e+00 2.191241031987184174e-01
6.249999999999999091e+03 1.803250328294118576e+00 2.226633615528790799e-01
6.254385964912279633e+03 1.797060779100261740e+00 2.222294411354340804e-01
6.258771929824561084e+03 2.026031533556990283e+00 2.259656262676185134e-01
6.263157894736841627e+03 2.387164860652652543e+00 2.281758347416603105e-01
6.267543859649122169e+03 2.062954949485512834e+00 2.367376488078546948e-01
6.271929824561402711e+03 1.717859384625825658e+00 2.265237795118629216e-01
6.276315789473683253e+03 2.091878339289646505e+00 2.275266720780119434e-01
6.280701754385963795e+03 1.894318044839389481e+00 2.337650625203475663e-01
6.285087719298245247e+03 2.115038461773275369e+00 2.337297378034244588e-01
6.289473684210525789e+03 2.031102788537129111e+00 2.319032738828380735e-01
6.293859649122806331e+03 1.951774946342067274e+00 2.331497763738127338e-01
6.298245614035086874e+03 1.743289233756060819e+00 2.337117346920665750e-01
6.302631578947367416e+03 1.884001410149069411e+00 2.281869943990162408e-01
6.307017543859648868e+03 2.157048182601526420e+00 2.347403824979657772e-01
6.311403508771929410e+03 1.770861027196766413e+00 2.314622260506441209e-01
6.315789473684209952e+03 2.053610085263473550e+00 2.360625605280079753e-01
6.320175438596490494e+03 1.568653601538044784e+00 2.333889281149109374e-01
6.324561403508771036e+03 2.152720904778448574e+00 2.444531462637793695e-01
6.328947368421051578e+03 2.209123176066879690e+00 2.470363087828916782e-01
6.333333333333333030e+03 1.874950558884443064e+00 2.478519292364139426e-01
6.337719298245613572e+03 1.856370410892620670e+00 2.472437989007027770e-01
6.342105263157894115e+03 2.173347813438357257e+00 2.523132649281358830e-01
6.346491228070174657e+03 2.173358887907489212e+00 2.497675568315489425e-01
6.350877192982455199e+03 2.241208184827778283e+00 3.337802402222730946e-01
6.355263157894735741e+03 1.806849786326636842e+00 2.977104102991427470e-01
6.359649122807017193e+03 1.866133151749900687e+00 2.581191831528360514e-01
6.364035087719297735e+03 1.786734489744544518e+00 2.714320580608859945e-01
6.368421052631578277e+03 2.400890955239693092e+00 2.520009932946928877e-01
6.372807017543858819e+03 1.915203073818293689e+00 2.498626552857092231e-01
6.377192982456139362e+03 2.193555028114243299e+00 2.576939803303229803e-01
6.381578947368419904e+03 2.414741424633906952e+00 2.938403092786871507e-01
6.385964912280701355e+03 2.112346797852745262e+00 2.504328768616999046e-01
6.390350877192981898e+03 2.110150645435678651e+00 2.743602896797164292e-01
6.394736842105262440e+03 2.291920734629169232e+00 2.433575973058940134e-01
6.399122807017542982e+03 1.799429238898589967e+00 2.898676984285754044e-01
6.403508771929823524e+03 2.260792389624812326e+00 2.683697117812616217e-01
6.407894736842104976e+03 1.803353122084521587e+00 2.857437365003286378e-01
6.412280701754385518e+03 2.046199561649794774e+00 2.601705723810974202e-01
6.416666666666666060e+03 2.096916370862389911e+00 2.839004053113721726e-01
6.421052631578946603e+03 2.049344426922488527e+00 2.474397318161121462e-01
6.425438596491227145e+03 2.170314828699969389e+00 2.419081196729851169e-01
6.429824561403507687e+03 2.308966330348290352e+00 2.714946146134434857e-01
6.434210526315789139e+03 1.969690881750651990e+00 2.333349471769119166e-01
6.438596491228069681e+03 2.014850579145042619e+00 2.664144716619242792e-01
6.442982456140350223e+03 2.273831015243438891e+00 2.352665901581760810e-01
6.447368421052630765e+03 2.375964028988416743e+00 2.347241399432390685e-01
6.451754385964911307e+03 2.193065763747213737e+00 2.275971227393352447e-01
6.456140350877191850e+03 2.381295959934274009e+00 2.464665983362455959e-01
6.460526315789473301e+03 2.027978936359711160e+00 2.226117658851546333e-01
6.464912280701753843e+03 2.347110777488784272e+00 2.508596698643959511e-01
6.469298245614034386e+03 2.166539570569001594e+00 2.207726941074027449e-01
6.473684210526314928e+03 2.160347806481318411e+00 2.167002710547310251e-01
6.478070175438595470e+03 2.372439792157770455e+00 2.177983188671896997e-01
6.482456140350876922e+03 2.383558843126878823e+00 2.304308238254993146e-01
6.486842105263157464e+03 2.069760636708144919e+00 2.118394309880967663e-01
6.491228070175438006e+03 2.361656666752327993e+00 2.398277948446074503e-01
6.495614035087718548e+03 2.078105391179355887e+00 2.085657043284278589e-01
6.499999999999999091e+03 2.064247538805720428e+00 2.079246629421428461e-01
6.504385964912279633e+03 2.167907693447903572e+00 2.105060365085492657e-01
6.508771929824561084e+03 2.252205416636436919e+00 2.084380923687394749e-01
6.513157894736841627e+03 1.943228011819014167e+00 2.075408615965380343e-01
6.517543859649122169e+03 1.818757566666529435e+00 2.186676362979639576e-01
6.521929824561402711e+03 2.125535638706518959e+00 2.071533119690732727e-01
6.526315789473683253e+03 2.215099697908359477e+00 2.327625107070949162e-01
6.530701754385963795e+03 2.321492122857888862e+00 2.095547680061994322e-01
6.535087719298245247e+03 2.557113947910524487e+00 2.131505345490071479e-01
6.539473684210525789e+03 2.800907027417971484e+00 2.177269027393267109e-01
6.543859649122806331e+03 2.774745723799616481e+00 2.218388247319020012e-01
6.548245614035086874e+03 1.868332967260603494e+00 2.264731777067528762e-01
6.552631578947367416e+03 2.795012570232366489e+00 2.423011497428664285e-01
6.557017543859647958e+03 2.431231309171208110e+00 2.329023329789030039e-01
6.561403508771929410e+03 2.028007900355901949e+00 2.381956736592473756e-01
6.565789473684209952e+03 2.246072716384123424e+00 2.374240103293561166e-01
6.570175438596490494e+03 1.821718254998738518e+00 2.161106833557970008e-01
6.574561403508771036e+03 2.197105105372863409e+00 2.277742006611458148e-01
6.578947368421051578e+03 2.148903052535435787e+00 2.211525200025499516e-01
6.583333333333333030e+03 2.138792346178818082e+00 2.227150424088276404e-01
6.587719298245613572e+03 2.200902228481348200e+00 2.201292958469178995e-01
6.592105263157894115e+03 1.996520345006628228e+00 2.279001372524270264e-01
6.596491228070174657e+03 2.240920248630350553e+00 2.315780536393332312e-01
6.600877192982455199e+03 2.216520069564703377e+00 2.649801859289782624e-01
6.605263157894735741e+03 1.921924140738329179e+00 2.429869717389486206e-01
6.609649122807017193e+03 2.017627431289663154e+00 2.266043391757783521e-01
6.614035087719297735e+03 2.228838286768267007e+00 2.370537823074565231e-01
6.618421052631578277e+03 2.298915823670030889e+00 2.306548404587840106e-01
6.622807017543858819e+03 2.322025969062192718e+00 2.312026007396893457e-01
6.627192982456139362e+03 2.184450394684140928e+00 2.380139955733359125e-01
6.631578947368419904e+03 2.393310907060073323e+00 2.401720404581593193e-01
6.635964912280701355e+03 2.253581490416253885e+00 2.350752574068676048e-01
6.640350877192981898e+03 2.643980096055401408e+00 2.641044509853224809e-01
6.644736842105262440e+03 2.110701529284800593e+00 2.379420967122030939e-01
6.649122807017542982e+03 2.078891394526968917e+00 2.300276563569511323e-01
6.653508771929823524e+03 2.342882601966399303e+00 2.461822968363791275e-01
6.657894736842104976e+03 2.475439170141754630e+00 2.304862813593825388e-01
6.662280701754385518e+03 2.016197404967921436e+00 2.075824902420438656e-01
6.666666666666666060e+03 1.452084307377853767e+00 2.097355658137952938e-01
6.671052631578946603e+03 1.428793364178096104e+00 1.930937906729401077e-01
6.675438596491227145e+03 1.758243458573747420e+00 1.963848389381742110e-01
6.679824561403507687e+03 2.019769915125552373e+00 2.044199626108884338e-01
6.684210526315789139e+03 1.640196716647071007e+00 2.671081025785481122e-01
6.688596491228069681e+03 1.803760123023153916e+00 2.333264567505775322e-01
6.692982456140350223e+03 1.430716715505548686e+00 2.386419747652602785e-01
6.697368421052630765e+03 1.804185070280994729e+00 2.315918825277106519e-01
6.701754385964911307e+03 2.084353379494938707e+00 2.212001970119662209e-01
6.706140350877191850e+03 1.926094672229079041e+00 2.152940122475109630e-01
6.710526315789473301e+03 1.859640275686130773e+00 2.125520304826182538e-01
6.714912280701753843e+03 1.875510415893169247e+00 2.198931256936628720e-01
6.719298245614034386e+03 1.804501856890314615e+00 2.190059755279788745e-01
6.723684210526314928e+03 1.831507886938756879e+00 2.140546371712852558e-01
6.728070175438595470e+03 2.120881238102931832e+00 2.133381758106049908e-01
6.732456140350876012e+03 1.781056183479532873e+00 2.114667041116238266e-01
6.736842105263157464e+03 2.305401203170080571e+00 2.198920182467496709e-01
6.741228070175438006e+03 2.153986517827694236e+00 2.192524818524236030e-01
6.745614035087718548e+03 1.813675577970154773e+00 2.192330589373308325e-01
6.749999999999999091e+03 2.167554730239420024e+00 2.129817482810081042e-01
6.754385964912279633e+03 2.146323269149212010e+00 2.241199666005369295e-01
6.758771929824561084e+03 1.749500960284255946e+00 2.038336972526939572e-01
6.763157894736841627e+03 1.921447370644166375e+00 2.205719054632201970e-01
6.767543859649122169e+03 2.277245927186501540e+00 3.215526064969934650e-01
6.771929824561402711e+03 2.179653161824828267e+00 2.251692583527408476e-01
6.776315789473683253e+03 1.849039197515570443e+00 2.443775275168612315e-01
6.780701754385963795e+03 1.873817413523658715e+00 2.045683888933297057e-01
6.785087719298245247e+03 2.389019692251861393e+00 2.169679892469744409e-01
6.789473684210525789e+03 2.103183952469514395e+00 2.039021033966390561e-01
6.793859649122806331e+03 1.923419194071126492e+00 1.997036585644620110e-01
6.798245614035086874e+03 1.813956216376385377e+00 2.562777545008843583e-01
6.802631578947367416e+03 1.808292051356572561e+00 2.028250970755308413e-01
6.807017543859647958e+03 2.426325319345805642e+00 2.245354579655035876e-01
6.811403508771929410e+03 1.944664285277188709e+00 1.947890647284263310e-01
6.815789473684209952e+03 2.009683629393174353e+00 2.004407354753722781e-01
6.820175438596490494e+03 2.224971593276774851e+00 2.181586934511694498e-01
6.824561403508771036e+03 1.772920708078839169e+00 2.166210744024010537e-01
6.828947368421051578e+03 2.233434759379472112e+00 2.063635887356747023e-01
6.833333333333333030e+03 1.953496032429453022e+00 2.151000670573303963e-01
6.837719298245613572e+03 2.393337031448794505e+00 2.350996496350323262e-01
6.842105263157894115e+03 2.357465406127049246e+00 2.014409020183503818e-01
6.846491228070174657e+03 2.097363325078120955e+00 2.010743938822360521e-01
6.850877192982455199e+03 1.788472727061047429e+00 2.253743348042026584e-01
6.855263157894735741e+03 2.164729604767814397e+00 2.096349585211437772e-01
6.859649122807017193e+03 1.562731486575684503e+00 2.381545845391608018e-01
6.864035087719297735e+03 2.143486217326234122e+00 2.034548084280117519e-01
6.868421052631578277e+03 1.860632974061463552e+00 2.040716847547296153e-01
6.872807017543858819e+03 2.191563895356489322e+00 2.025185898452513122e-01
6.877192982456139362e+03 2.121678031958930344e+00 2.243261221028372276e-01
6.881578947368419904e+03 2.167683648418544440e+00 2.018444102397949080e-01
6.885964912280701355e+03 2.102967006458829058e+00 2.319125877953386872e-01
6.890350877192981898e+03 1.983117397749639466e+00 2.413177652800342632e-01
6.894736842105262440e+03 1.958315982148523426e+00 2.458943038468020537e-01
6.899122807017542982e+03 2.323174306322939753e+00 2.114074698998058555e-01
6.903508771929823524e+03 1.915929445409043197e+00 2.466880309267328597e-01
6.907894736842104066e+03 1.984939289902199366e+00 2.033090513765919982e-01
6.912280701754385518e+03 1.813347262554507955e+00 2.546455481273001142e-01
6.916666666666666060e+03 2.052617074531319030e+00 2.178077179679143993e-01
6.921052631578946603e+03 1.611868480172511831e+00 2.516861944106018600e-01
6.925438596491227145e+03 1.790723257961158943e+00 2.168337610018816475e-01
6.929824561403507687e+03 2.119944451598677393e+00 2.096003153100134409e-01
6.934210526315789139e+03 2.019458694146873068e+00 2.150204444638799950e-01
6.938596491228069681e+03 2.057595474347198916e+00 2.253896970806137656e-01
6.942982456140350223e+03 2.375435861999052101e+00 2.556209532931424389e-01
6.947368421052630765e+03 1.666725437075931238e+00 2.568650137216931806e-01
6.951754385964911307e+03 1.962020818014242440e+00 2.119241932710673459e-01
6.956140350877191850e+03 1.797065947185856549e+00 2.521370104924915978e-01
6.960526315789473301e+03 1.903175632419628061e+00 2.103630338763751162e-01
6.964912280701753843e+03 1.657081789355929979e+00 2.074007553639830026e-01
6.969298245614034386e+03 1.967756825103038842e+00 2.170492304166825592e-01
6.973684210526314928e+03 1.877827109647324910e+00 2.327883227389944687e-01
6.978070175438595470e+03 1.754030503347400183e+00 2.054795621382073667e-01
6.982456140350876012e+03 1.836191933044327484e+00 2.049719823029983179e-01
6.986842105263157464e+03 1.703972284295252493e+00 2.360655705119258652e-01
6.991228070175438006e+03 1.611363660435763068e+00 2.148576213715673311e-01
6.995614035087718548e+03 2.158522222839047711e+00 2.189794535942118370e-01
6.999999999999999091e+03 1.729977267522401219e+00 2.340200308750520208e-01
7.004385964912279633e+03 1.828192332861059199e+00 2.508086705142401618e-01
7.008771929824561084e+03 1.937838436841521794e+00 2.550864255830459504e-01
7.013157894736841627e+03 2.037391951161023229e+00 2.946158060786625010e-01
7.017543859649122169e+03 2.042963828938070492e+00 2.487646074732505486e-01
7.021929824561402711e+03 1.904101628415497460e+00 2.370329111925542076e-01
7.026315789473683253e+03 1.653048098549145140e+00 2.288457265398374796e-01
7.030701754385963795e+03 1.990337951623594837e+00 2.599221635196479752e-01
7.035087719298245247e+03 2.002718640191491595e+00 2.331785983896302039e-01
7.039473684210525789e+03 1.997106439988374449e+00 2.586587369681539461e-01
7.043859649122806331e+03 2.074996588921527163e+00 2.397305098926954814e-01
7.048245614035086874e+03 1.677276339382501869e+00 2.089977790010175696e-01
7.052631578947367416e+03 1.720590746258781500e+00 2.080109018209976846e-01
7.057017543859647958e+03 1.932256904399077158e+00 2.031380218186919218e-01
7.061403508771929410e+03 1.804325744435043788e+00 2.268294632559762769e-01
7.065789473684209952e+03 1.789607292225566360e+00 1.983246599889510742e-01
7.070175438596490494e+03 1.580022776491514458e+00 2.145010518615969308e-01
7.074561403508771036e+03 1.826559217813084723e+00 2.013579002920110328e-01
7.078947368421051578e+03 1.674800485629669211e+00 1.884059962855094417e-01
7.083333333333332121e+03 1.843273062191520983e+00 1.952874158393588522e-01
7.087719298245613572e+03 2.014178728017711251e+00 1.907867799802561992e-01
7.092105263157894115e+03 2.076753170102284329e+00 1.971827402410855079e-01
7.096491228070174657e+03 2.030540830218875215e+00 1.847974515090880787e-01
7.100877192982455199e+03 2.000905266861340515e+00 1.982761594933685756e-01
7.105263157894735741e+03 1.789440380098497263e+00 1.926339730353714419e-01
7.109649122807017193e+03 1.563341121903354614e+00 1.992082606452979521e-01
7.114035087719297735e+03 1.676560303962941756e+00 1.804559756486621702e-01
7.118421052631578277e+03 1.915193419152896759e+00 1.912839100599767750e-01
7.122807017543858819e+03 1.912007663532639290e+00 1.785055060698739204e-01
7.127192982456139362e+03 1.777136162159759891e+00 1.776633920786593879e-01
7.131578947368419904e+03 1.828842120238350910e+00 1.796331141960922084e-01
7.135964912280701355e+03 1.810641798141675585e+00 1.755208798466952602e-01
7.140350877192981898e+03 1.871347579738662281e+00 1.854547354500997725e-01
7.144736842105262440e+03 2.051449427939778136e+00 1.862334126104412124e-01
7.149122807017542982e+03 1.721630695702410341e+00 1.716153689210925537e-01
7.153508771929823524e+03 1.935522736949980560e+00 1.709485722950573605e-01
7.157894736842104066e+03 1.854392965042870323e+00 1.704294068613719237e-01
7.162280701754385518e+03 1.762011078160621524e+00 1.690455241610131221e-01
7.166666666666666060e+03 1.919239007914979922e+00 1.695381960570062629e-01
7.171052631578946603e+03 1.820142272853054299e+00 1.698548406859526072e-01
7.175438596491227145e+03 1.969346721325324401e+00 1.700026138586758495e-01
7.179824561403507687e+03 2.004822505365793095e+00 1.733345808675483546e-01
7.184210526315789139e+03 1.941588422466008712e+00 1.792917649821594572e-01
7.188596491228069681e+03 1.676037163078798908e+00 1.772036596293147803e-01
7.192982456140350223e+03 1.860555225608943042e+00 1.708385091095317443e-01
7.197368421052630765e+03 1.820065915808194212e+00 1.785559658946105077e-01
7.201754385964911307e+03 1.713015695788308257e+00 1.739221240491041764e-01
7.206140350877191850e+03 1.897620508326651745e+00 1.769585447125301969e-01
7.210526315789473301e+03 1.866782484789997643e+00 1.739919216007094482e-01
7.214912280701753843e+03 2.166811604964599347e+00 1.756808917276129201e-01
7.219298245614034386e+03 1.776992137268896599e+00 1.668679143807234866e-01
7.223684210526314928e+03 1.747864380915168381e+00 1.744357806442984049e-01
7.228070175438595470e+03 1.772862836878606796e+00 1.810134757831885766e-01
7.232456140350876012e+03 1.859233757480768467e+00 1.801173524579003093e-01
7.236842105263157464e+03 1.726227338690063506e+00 1.814282288502131191e-01
7.241228070175438006e+03 1.738517557363975063e+00 1.780422241111922210e-01
7.245614035087718548e+03 1.963867698712536081e+00 1.794629081243583335e-01
7.249999999999999091e+03 2.164757716881764438e+00 1.839726307273640282e-01
7.254385964912279633e+03 1.850738816170485412e+00 1.801822658846577163e-01
7.258771929824560175e+03 1.925430488041915966e+00 1.806810997288600673e-01
7.263157894736841627e+03 1.830666937186604892e+00 2.686661100089489662e-01
7.267543859649122169e+03 1.607331826732263380e+00 2.113695327440106575e-01
7.271929824561402711e+03 1.742942006554665912e+00 2.200871276759928385e-01
7.276315789473683253e+03 2.038654440642052368e+00 2.037350776852712431e-01
7.280701754385963795e+03 1.830340637892261535e+00 2.210130952757876355e-01
7.285087719298245247e+03 2.150752772841198812e+00 1.942482330897470633e-01
7.289473684210525789e+03 1.863787863148525403e+00 2.098929084636914077e-01
7.293859649122806331e+03 1.713433884780371175e+00 1.863583269430333367e-01
7.298245614035086874e+03 2.386665373698732218e+00 1.977487308019463264e-01
7.302631578947367416e+03 1.816390185919039668e+00 1.878915729962984116e-01
7.307017543859647958e+03 1.855598179641235301e+00 1.880911122131943281e-01
7.311403508771929410e+03 2.059858357539803730e+00 1.928325751818023015e-01
7.315789473684209952e+03 1.937777385280923026e+00 1.983542770948600598e-01
7.320175438596490494e+03 1.581991817103154396e+00 2.573740417567118022e-01
7.324561403508771036e+03 2.138761962378892267e+00 2.150435020765339433e-01
7.328947368421051578e+03 1.920754222460812288e+00 2.168280249947928673e-01
7.333333333333332121e+03 1.611313240365531252e+00 2.007087092322879796e-01
7.337719298245613572e+03 2.041869444219247764e+00 2.296815366024692884e-01
7.342105263157894115e+03 2.041634324720756677e+00 1.929080519483469536e-01
7.346491228070174657e+03 1.845645071499186107e+00 2.561090250250346867e-01
7.350877192982455199e+03 1.588364410234115676e+00 2.910518147434407177e-01
7.355263157894735741e+03 2.059334166000896804e+00 2.585247074955840385e-01
7.359649122807017193e+03 1.868532222516752439e+00 2.453370024847985054e-01
7.364035087719297735e+03 1.885159316886989345e+00 2.339713600030213503e-01
7.368421052631578277e+03 1.744947820083038392e+00 2.761027580113490365e-01
7.372807017543858819e+03 1.712050939150477458e+00 2.227178536202226444e-01
7.377192982456139362e+03 1.944782980869422362e+00 2.295720981305869879e-01
7.381578947368419904e+03 1.809510271357149147e+00 2.496983555975123281e-01
7.385964912280701355e+03 1.561017471110898391e+00 2.119670145517104642e-01
7.390350877192981898e+03 1.766022563236993470e+00 2.332691818679136497e-01
7.394736842105262440e+03 1.818155910635849137e+00 2.645982587243035367e-01
7.399122807017542982e+03 1.837017974857263702e+00 2.140500370071843350e-01
7.403508771929823524e+03 1.697263143726590151e+00 1.999233305983180720e-01
7.407894736842104066e+03 2.039743714067429270e+00 2.043938098260925096e-01
7.412280701754385518e+03 2.220745973401112572e+00 2.213582495637297920e-01
7.416666666666666060e+03 1.841801549204647337e+00 2.056716047913832446e-01
7.421052631578946603e+03 1.355647546217096266e+00 1.907143699897788092e-01
7.425438596491227145e+03 1.507222527401147039e+00 2.281993466915094304e-01
7.429824561403507687e+03 1.789620382816001776e+00 1.861180677550219598e-01
7.434210526315788229e+03 1.604902349448626309e+00 1.932253496870113552e-01
7.438596491228069681e+03 1.827920440445835348e+00 1.815394278787265947e-01
7.442982456140350223e+03 1.856601128999533890e+00 1.824581544794736665e-01
7.447368421052630765e+03 1.798700226472893737e+00 1.791276072743360204e-01
7.451754385964911307e+03 1.774591277549339097e+00 2.128683059625935681e-01
7.456140350877191850e+03 1.658983076933343126e+00 1.815771378659242208e-01
7.460526315789473301e+03 2.037078174535621233e+00 2.212498617466113204e-01
7.464912280701753843e+03 1.743766401395269394e+00 1.742299374988197924e-01
7.469298245614034386e+03 1.914675190789676407e+00 1.736388448079268232e-01
7.473684210526314928e+03 1.735317774082817399e+00 1.782000778904328786e-01
7.478070175438595470e+03 1.808769872105499221e+00 1.709487426715055325e-01
7.482456140350876012e+03 1.874101828607823927e+00 1.699747573093980668e-01
7.486842105263157464e+03 1.807994545681972154e+00 1.678765429539612886e-01
7.491228070175438006e+03 1.830795486216758139e+00 1.827801091743883888e-01
7.495614035087718548e+03 1.877636202837136947e+00 1.651798245321356162e-01
7.499999999999999091e+03 1.812907322169227120e+00 2.043453093305099832e-01
7.504385964912279633e+03 1.709548563463878068e+00 1.659535323794050776e-01
7.508771929824560175e+03 1.823880474106542193e+00 1.651339648714999497e-01
7.513157894736841627e+03 1.882940703174837083e+00 1.667090667388684277e-01
7.517543859649122169e+03 1.966738825825150805e+00 1.689778279189354526e-01
7.521929824561402711e+03 1.973781336310756362e+00 1.745851439972046781e-01
7.526315789473683253e+03 1.750168126059262308e+00 1.641479679697956384e-01
7.530701754385963795e+03 1.995876322032499983e+00 1.663788771822915791e-01
7.535087719298244338e+03 1.550582765541987929e+00 1.761742451293987766e-01
7.539473684210525789e+03 1.989525539926513709e+00 1.796078984817612578e-01
7.543859649122806331e+03 1.858359868281967753e+00 1.683968158345599264e-01
7.548245614035086874e+03 1.545531927339556022e+00 1.614636870286872694e-01
7.552631578947367416e+03 1.721185161290414101e+00 1.705011637421312565e-01
7.557017543859647958e+03 1.773465259603303812e+00 1.980590147101605469e-01
7.561403508771929410e+03 1.672232344634071666e+00 2.315137649262191677e-01
7.565789473684209952e+03 1.802194278276136652e+00 2.425154833146794531e-01
7.570175438596490494e+03 1.635367736976246711e+00 2.550840119166967179e-01
7.574561403508771036e+03 1.927626640458982799e+00 2.454546190261935323e-01
7.578947368421051578e+03 1.565494878980898896e+00 2.125048929986212143e-01
7.583333333333332121e+03 1.955292368114786017e+00 1.844273938636366572e-01
7.587719298245613572e+03 1.734937806207296651e+00 2.237456495438809312e-01
7.592105263157894115e+03 1.713793066729213610e+00 2.246925166546527575e-01
7.596491228070174657e+03 1.797293825685300162e+00 2.183401727645580548e-01
7.600877192982455199e+03 1.888449144121011614e+00 2.185094701619016144e-01
7.605263157894735741e+03 1.821118331128614543e+00 2.176887668110086549e-01
7.609649122807016283e+03 1.803906589976441044e+00 2.047923487344650295e-01
7.614035087719297735e+03 1.907588950349037304e+00 1.966870299650997911e-01
7.618421052631578277e+03 2.012115469230226328e+00 1.847392679520339087e-01
7.622807017543858819e+03 1.886847605508100267e+00 1.794532534589613482e-01
7.627192982456139362e+03 1.868484318338738515e+00 1.775982230872297507e-01
7.631578947368419904e+03 2.208227563870935661e+00 1.897818145006543167e-01
7.635964912280701355e+03 2.045164808687835567e+00 1.853959271794022867e-01
7.640350877192981898e+03 1.859766354257785359e+00 1.779507603545931460e-01
7.644736842105262440e+03 2.365812432284235545e+00 1.767318588482239550e-01
7.649122807017542982e+03 1.761673534020698151e+00 1.722116864897297595e-01
7.653508771929823524e+03 1.839628227231636881e+00 1.796027303961663935e-01
7.657894736842104066e+03 1.583596059022376989e+00 1.708354991256138544e-01
7.662280701754385518e+03 2.065672737794763680e+00 1.797011227949915635e-01
7.666666666666666060e+03 1.769650530928507548e+00 1.816653644700078618e-01
7.671052631578946603e+03 1.768199803868311992e+00 1.803548004345167100e-01
7.675438596491227145e+03 2.023415119234407644e+00 1.821255796526222992e-01
7.679824561403507687e+03 1.816947515677117764e+00 1.812405307964658763e-01
7.684210526315788229e+03 1.944149180482185102e+00 3.030551194786139657e-01
7.688596491228069681e+03 1.917247023274984530e+00 2.332415240911587528e-01
7.692982456140350223e+03 1.674669267368494419e+00 2.229669155913901468e-01
7.697368421052630765e+03 2.044312074564684778e+00 2.196840737917434561e-01
7.701754385964911307e+03 1.804922516340876193e+00 2.203390292546300033e-01
7.706140350877191850e+03 2.078762476347844501e+00 1.978416995505043185e-01
7.710526315789472392e+03 1.824670339320314305e+00 2.222355746875686322e-01
7.714912280701753843e+03 1.912175484334098341e+00 1.849019206678984006e-01
7.719298245614034386e+03 1.860581662354485966e+00 1.861571691498797310e-01
7.723684210526314928e+03 1.834332671657465941e+00 1.823627152724170142e-01
7.728070175438595470e+03 1.733855149067323742e+00 2.012569806425378582e-01
7.732456140350876012e+03 1.917456586306248489e+00 1.863196798853707092e-01
7.736842105263157464e+03 1.779703848818162237e+00 2.495275816042845096e-01
7.741228070175438006e+03 1.803539144769861879e+00 3.454308657097094892e-01
7.745614035087718548e+03 1.990366063737545321e+00 2.902371313603835379e-01
7.749999999999999091e+03 2.516768237059518132e+00 3.724514345483966316e-01
7.754385964912279633e+03 2.160011880917653393e+00 2.379041595564078682e-01
7.758771929824560175e+03 1.512965747092916313e+00 2.374600165520719119e-01
7.763157894736841627e+03 1.678569269455606028e+00 2.677752115614049910e-01
7.767543859649122169e+03 2.016496983555974953e+00 2.261260356935819171e-01
7.771929824561402711e+03 1.931920694874664557e+00 2.265498187123601015e-01
7.776315789473683253e+03 1.612248212360612332e+00 2.438917274709447580e-01
7.780701754385963795e+03 1.602932682987499691e+00 2.247360478371632775e-01
7.785087719298244338e+03 1.545722039059652442e+00 1.968062934788272211e-01
7.789473684210525789e+03 2.059854382089346014e+00 2.031211829463965834e-01
7.793859649122806331e+03 2.039086628898940656e+00 2.613099648783149820e-01
7.798245614035086874e+03 1.763649645254937726e+00 2.051198122678709601e-01
7.802631578947367416e+03 1.768240949780547799e+00 2.039865249267132918e-01
7.807017543859647958e+03 1.563997355189602700e+00 1.940932189179760958e-01
7.811403508771929410e+03 1.608589275910033756e+00 2.300659626617174158e-01
7.815789473684209952e+03 1.985898793266211548e+00 2.064084829297706813e-01
7.820175438596490494e+03 1.727665912230288647e+00 1.854386348757465774e-01
7.824561403508771036e+03 1.993684996948131616e+00 2.515035508581506263e-01
7.828947368421051578e+03 1.869988571999738225e+00 1.922741947689602937e-01
7.833333333333332121e+03 2.022015476712591742e+00 1.972295937643355757e-01
7.837719298245613572e+03 1.369945963689655155e+00 1.832462023444650923e-01
7.842105263157894115e+03 1.699766030542533946e+00 1.808434400879029014e-01
7.846491228070174657e+03 2.088090586885812172e+00 2.128053234689155915e-01
7.850877192982455199e+03 1.691473666829139466e+00 1.723885940350921575e-01
7.855263157894735741e+03 1.932882753885399429e+00 1.822682131358253910e-01
7.859649122807016283e+03 1.865695028713400649e+00 2.053723101640767823e-01
7.864035087719297735e+03 1.732907572054684486e+00 1.680752018925415758e-01
7.868421052631578277e+03 1.808377750710008280e+00 1.813983561796318478e-01
7.872807017543858819e+03 1.779466826782666544e+00 1.678558990076565727e-01
7.877192982456139362e+03 1.587832069021770653e+00 1.805022044582688945e-01
7.881578947368419904e+03 1.938956390302342792e+00 1.760329462617064578e-01
7.885964912280700446e+03 1.863629413051716144e+00 1.983896870000072254e-01
7.890350877192981898e+03 1.697845178069654626e+00 1.706030488581441462e-01
7.894736842105262440e+03 1.651745740979241317e+00 2.004368736092134728e-01
7.899122807017542982e+03 1.833289059120201570e+00 1.602404125268147572e-01
7.903508771929823524e+03 1.702887525845752092e+00 1.548290577600295870e-01
7.907894736842104066e+03 1.735220432338755892e+00 1.541848360133785123e-01
7.912280701754385518e+03 1.851040922009187017e+00 1.665360494557395210e-01
7.916666666666666060e+03 1.847914116640000159e+00 1.567636255369874998e-01
7.921052631578946603e+03 1.844339817529663472e+00 1.698163640047381517e-01
7.925438596491227145e+03 1.732994180082510383e+00 1.618895429609183423e-01
7.929824561403507687e+03 1.891484116584627895e+00 1.825577395134360958e-01
7.934210526315788229e+03 1.720302014971262450e+00 1.665353963460214914e-01
7.938596491228069681e+03 1.779757347022891567e+00 2.045455584492733292e-01
7.942982456140350223e+03 1.647348552020259982e+00 1.672223825811662845e-01
7.947368421052630765e+03 1.788658295409192300e+00 1.606064095335845154e-01
7.951754385964911307e+03 1.918169327781143352e+00 1.735770833454608197e-01
7.956140350877191850e+03 1.783535245988805862e+00 1.721665935231109223e-01
7.960526315789472392e+03 1.992235093374102206e+00 1.658454853151829500e-01
7.964912280701753843e+03 1.895154309239216461e+00 1.618942283132433491e-01
7.969298245614034386e+03 1.559819554303730316e+00 1.633472838515640513e-01
7.973684210526314928e+03 1.704303410922294537e+00 1.713299883703875981e-01
7.978070175438595470e+03 1.754989978315337318e+00 1.803078617230425840e-01
7.982456140350876012e+03 1.701838887203266149e+00 1.718686335113151775e-01
7.986842105263157464e+03 1.759549905178407592e+00 1.804337983143238233e-01
7.991228070175438006e+03 1.798485069414914372e+00 1.646818709662488667e-01
7.995614035087718548e+03 1.677977126109949202e+00 1.635820909932336475e-01
7.999999999999999091e+03 1.638372240451713369e+00 1.636053189823357956e-01
8.004385964912279633e+03 1.687798533257553579e+00 1.755756842708604826e-01
8.008771929824560175e+03 1.952189245071896728e+00 1.689420488648172014e-01
8.013157894736841627e+03 1.701032523870095181e+00 1.717026584547111656e-01
8.017543859649122169e+03 1.738319835495860000e+00 1.756773138222011144e-01
8.021929824561402711e+03 1.879130603060216620e+00 1.776265623697773632e-01
8.026315789473683253e+03 1.907999557589156181e+00 1.961751055304621072e-01
8.030701754385963795e+03 1.748105917926541242e+00 1.891230539637583641e-01
8.035087719298244338e+03 2.193202632827253584e+00 2.245810336653923101e-01
8.039473684210525789e+03 1.447710034051152839e+00 1.791010569444943246e-01
8.043859649122806331e+03 1.854362808411541996e+00 1.857966241894517812e-01
8.048245614035086874e+03 1.713867237276322175e+00 1.830825841620609407e-01
8.052631578947367416e+03 1.796843662713128342e+00 1.914319104012975614e-01
8.057017543859647958e+03 1.477100028154707756e+00 1.871320063942280842e-01
8.061403508771928500e+03 1.560502110751222249e+00 1.917112141920173651e-01
8.065789473684209952e+03 1.890804030595634622e+00 1.957986019760544205e-01
8.070175438596490494e+03 1.747764341544010946e+00 1.963643369722429810e-01
8.074561403508771036e+03 1.585134078455798567e+00 1.904906657133157988e-01
8.078947368421051578e+03 1.949753997705881092e+00 1.957279525422082611e-01
8.083333333333332121e+03 1.912296167651560852e+00 2.130446739825367086e-01
8.087719298245613572e+03 2.056683392427931079e+00 2.015170602906877495e-01
8.092105263157894115e+03 1.589995330265515872e+00 2.277798798760851950e-01
8.096491228070174657e+03 1.958045367556660921e+00 2.016613975383726720e-01
8.100877192982455199e+03 1.745945658147891377e+00 2.014497615936558517e-01
8.105263157894735741e+03 1.478129187089951779e+00 1.989343237126958985e-01
8.109649122807016283e+03 1.636270334606565902e+00 2.048727096258575742e-01
8.114035087719297735e+03 1.297556645554658328e+00 2.189736040028242570e-01
8.118421052631578277e+03 1.888714363458681600e+00 2.142143366953812300e-01
8.122807017543858819e+03 1.816591741257238990e+00 2.125044386614260705e-01
8.127192982456139362e+03 2.010122064786496132e+00 2.184155075507292210e-01
8.131578947368419904e+03 1.765619338976295971e+00 2.123372425736100577e-01
8.135964912280700446e+03 1.779334813431399986e+00 2.154607256020571182e-01
8.140350877192981898e+03 1.847411875266834480e+00 2.143062263931007627e-01
8.144736842105262440e+03 2.176048280142043101e+00 2.351928455521879457e-01
8.149122807017542982e+03 1.852631954074460241e+00 2.255644749203738475e-01
8.153508771929823524e+03 1.566341848700886663e+00 2.401745961048820099e-01
8.157894736842104066e+03 1.628323545443019160e+00 3.207771096970181701e-01
8.162280701754385518e+03 1.980071918738384840e+00 4.435498103355181021e-01
8.166666666666666060e+03 1.904503432872460378e+00 5.460939992421087741e-01
8.171052631578946603e+03 1.431516661325838324e+00 4.244676481391271294e-01
8.175438596491227145e+03 2.231131269800050276e+00 3.790339286239106098e-01
8.179824561403507687e+03 2.061992322553284129e+00 4.048539114244081860e-01
8.184210526315788229e+03 1.735709015199992766e+00 3.343785455161391029e-01
8.188596491228069681e+03 1.562086498135016654e+00 2.979549005022839592e-01
8.192982456140349314e+03 1.283272568099821154e+00 3.165307606868272283e-01
8.197368421052629856e+03 1.717855494363591973e+00 2.715389692821202350e-01
8.201754385964912217e+03 1.869315925782315091e+00 3.536364794149045587e-01
8.206140350877192759e+03 1.615052154360494097e+00 2.766088896467485680e-01
8.210526315789473301e+03 1.609771160293427927e+00 2.869801015926364274e-01
8.214912280701753843e+03 1.335775717579456012e+00 2.632567145713179402e-01
8.219298245614034386e+03 1.591773617405771502e+00 2.852175572361930200e-01
8.223684210526314928e+03 1.237212147216041558e+00 5.936094349933631609e-01
8.228070175438595470e+03 1.749913157704557687e+00 2.789149916650421890e-01
8.232456140350876012e+03 2.006436822212318116e+00 3.258404137762420105e-01
8.236842105263156554e+03 1.264776500885176569e+00 2.527338107943986056e-01
8.241228070175437097e+03 1.723957271290560422e+00 2.799962857934296112e-01
8.245614035087717639e+03 1.422753916635087768e+00 3.021322470509611446e-01
8.250000000000000000e+03 1.768102007787055507e+00 2.769234897583167099e-01
8.254385964912280542e+03 1.704294750119511814e+00 2.480252304802897934e-01
8.258771929824561084e+03 1.696824594748969295e+00 2.600864348117702396e-01
8.263157894736841627e+03 1.770074995453078559e+00 3.667952204294991359e-01
8.267543859649122169e+03 1.634706619565150953e+00 2.645370367872567630e-01
8.271929824561402711e+03 1.382105957965006793e+00 2.363019678337784646e-01
8.276315789473683253e+03 1.585047354004066600e+00 2.619109961953519083e-01
8.280701754385963795e+03 2.257844309149768858e+00 4.364053579417502271e-01
8.285087719298244338e+03 1.689348902143861020e+00 2.565095516586360369e-01
8.289473684210524880e+03 1.704138969253724101e+00 2.852729295818521860e-01
8.293859649122805422e+03 1.727847022394706222e+00 2.572557721055987456e-01
8.298245614035085964e+03 1.597123545783772025e+00 3.259136756489603437e-01
8.302631578947368325e+03 1.829008578028224807e+00 2.424945270115530793e-01
8.307017543859648868e+03 1.691856445916055218e+00 2.413982397557256077e-01
8.311403508771929410e+03 2.228080679495350491e+00 3.447933738327615960e-01
8.315789473684209952e+03 2.203602695185033600e+00 2.782920101822644598e-01
8.320175438596490494e+03 1.947723678365044897e+00 2.519394873968991422e-01
8.324561403508771036e+03 1.715218095341808358e+00 2.611561433416813016e-01
8.328947368421051578e+03 1.841806064180523839e+00 2.333128834268723695e-01
8.333333333333332121e+03 1.331106323848429085e+00 2.485648410877570325e-01
8.337719298245612663e+03 1.598264102520052132e+00 2.847282928691635129e-01
8.342105263157893205e+03 1.699386914549254168e+00 2.404477379473925758e-01
8.346491228070173747e+03 1.740280044928269376e+00 2.403250953007761703e-01
8.350877192982456108e+03 1.539109075995988674e+00 3.356452944083727075e-01
8.355263157894736651e+03 1.324028233081228301e+00 2.324505230343988371e-01
8.359649122807017193e+03 1.779748998576930585e+00 2.583143493742285912e-01
8.364035087719297735e+03 1.577513509077586029e+00 2.702249125294413634e-01
8.368421052631578277e+03 1.624347899052522415e+00 2.284211200348930937e-01
8.372807017543858819e+03 1.930529571175257919e+00 2.257115381912296603e-01
8.377192982456139362e+03 2.307567539708715643e+00 2.705788128083901900e-01
8.381578947368419904e+03 1.733826611012253327e+00 2.524117141191104530e-01
8.385964912280700446e+03 1.679221385311022718e+00 2.468412561457979382e-01
8.390350877192980988e+03 2.204243878551692237e+00 2.829598137331084118e-01
8.394736842105261530e+03 1.807583654481106361e+00 2.906659120883083869e-01
8.399122807017542073e+03 1.692385578371959243e+00 2.408282737444072119e-01
8.403508771929824434e+03 1.740911800798128350e+00 2.199920860139819578e-01
8.407894736842104976e+03 1.968409082938828991e+00 2.279131426546382733e-01
8.412280701754385518e+03 1.810201091062378032e+00 2.336422211012082750e-01
8.416666666666666060e+03 1.767142390838744692e+00 2.284795307605448356e-01
8.421052631578946603e+03 2.013944176440713552e+00 2.317169672367509758e-01
8.425438596491227145e+03 1.717002135526797479e+00 2.501197249499412800e-01
8.429824561403507687e+03 1.840291389160110702e+00 2.721980137797631594e-01
8.434210526315788229e+03 1.685468067407169812e+00 2.424398645677613429e-01
8.438596491228068771e+03 2.220717861287162975e+00 3.197185040323136107e-01
8.442982456140349314e+03 1.625997648521054106e+00 2.559334236991083755e-01
8.447368421052629856e+03 1.790378330841814414e+00 2.635824459441673540e-01
8.451754385964912217e+03 2.052684657189097983e+00 2.436389740100666779e-01
8.456140350877192759e+03 1.837448828498641218e+00 2.436327268736333540e-01
8.460526315789473301e+03 1.745739843398487645e+00 2.376904506982381871e-01
8.464912280701753843e+03 1.893987514529916316e+00 2.575028747476121316e-01
8.469298245614034386e+03 1.572791392354669027e+00 2.789460001786113197e-01
8.473684210526314928e+03 1.507728062718978190e+00 2.824696406916886171e-01
8.478070175438595470e+03 1.766385692240218797e+00 2.630570901661979932e-01
8.482456140350876012e+03 1.887016846113294122e+00 3.582179021065202140e-01
8.486842105263156554e+03 1.897681275926503597e+00 2.936940694939975671e-01
8.491228070175437097e+03 1.858967686260857510e+00 4.107222442212922764e-01
8.495614035087717639e+03 2.495460958449869704e+00 3.202094721638248931e-01
8.499999999999998181e+03 1.682532424412843675e+00 3.185704507323134371e-01
8.504385964912280542e+03 1.589173868739428563e+00 2.928538296437129818e-01
8.508771929824561084e+03 2.284401170088654176e+00 3.981564132463712991e-01
8.513157894736841627e+03 1.431038641804388778e+00 2.945942250618927560e-01
8.517543859649122169e+03 1.330184502075540065e+00 3.395537301296692734e-01
8.521929824561402711e+03 1.520833958638561523e+00 3.046276940953344115e-01
8.526315789473683253e+03 2.316470277047722348e+00 4.570194883680449016e-01
8.530701754385963795e+03 1.897670201457371641e+00 3.305087284564305339e-01
8.535087719298244338e+03 1.847590316200230287e+00 3.241133645131698549e-01
8.539473684210524880e+03 1.598793439995615628e+00 3.698594408500535113e-01
8.543859649122805422e+03 1.507363144763046670e+00 3.631715973374136652e-01
8.548245614035085964e+03 1.803543347388916862e+00 3.729211056238851962e-01
8.552631578947368325e+03 1.413563555455475296e+00 3.182126601911311470e-01
8.557017543859648868e+03 1.627868802183998875e+00 3.233804618252400509e-01
8.561403508771929410e+03 1.596622136415594584e+00 3.185150783866542712e-01
8.565789473684209952e+03 1.312210439902050663e+00 3.259883573254134803e-01
8.570175438596490494e+03 1.766136885833723635e+00 3.503649676490619980e-01
8.574561403508771036e+03 1.530214317953971781e+00 3.350963982844795130e-01
8.578947368421051578e+03 1.509999294357543764e+00 3.437855971417647094e-01
8.583333333333332121e+03 2.047599488132357592e+00 3.592288023657337903e-01
8.587719298245612663e+03 2.209620391334824241e+00 6.440334806758322150e-01
8.592105263157893205e+03 1.687220389176722568e+00 4.181506573620301648e-01
8.596491228070173747e+03 2.383393577972142463e+00 4.757259704961944169e-01
8.600877192982456108e+03 1.388719488950164394e+00 3.780400660095152299e-01
8.605263157894736651e+03 1.948633204637590044e+00 4.476854146543906565e-01
8.609649122807017193e+03 1.432329044626845072e+00 4.106021288253239310e-01
8.614035087719297735e+03 1.081126875507490981e+00 3.750173038580185136e-01
8.618421052631578277e+03 1.729477865756704924e+00 3.720073199401353614e-01
8.622807017543858819e+03 1.293058991283398962e+00 3.791318950816152666e-01
8.627192982456139362e+03 1.546661920736048801e+00 3.627351496693206334e-01
8.631578947368419904e+03 1.535902676429426572e+00 3.548052618494335064e-01
8.635964912280700446e+03 1.608801809170711028e+00 3.764024643817386884e-01
8.640350877192980988e+03 1.876908155877980100e+00 4.509606179099438505e-01
8.644736842105261530e+03 1.766251322014752434e+00 3.581514552917292038e-01
8.649122807017542073e+03 1.691098583078466611e+00 3.621354245717197107e-01
8.653508771929824434e+03 1.815544437230263819e+00 4.751665678246632663e-01
8.657894736842104976e+03 1.175871798537800883e+00 6.031164408019221712e-01
8.662280701754385518e+03 6.674520074392036317e-01 4.891661166110363723e-01
8.666666666666666060e+03 1.442494867764449351e+00 4.343753225616610036e-01
8.671052631578946603e+03 1.563954448720735524e+00 4.679201735227332404e-01
8.675438596491227145e+03 1.678349455441376481e+00 4.280322073958428564e-01
8.679824561403507687e+03 1.131006568438018389e+00 5.476909944830685717e-01
8.684210526315788229e+03 1.435017755355606051e+00 4.064807225437998550e-01
8.688596491228068771e+03 1.676663438506241333e+00 4.147258067928237812e-01
8.692982456140349314e+03 1.318145020741202877e+00 4.077877938621032317e-01
8.697368421052629856e+03 1.227749439284009814e+00 6.345213635738277125e-01
8.701754385964912217e+03 1.345900565181272546e+00 3.848803964432780389e-01
8.706140350877192759e+03 1.483233551893187396e+00 3.676675478441913114e-01
8.710526315789473301e+03 1.472470587700779765e+00 3.669812147187645479e-01
8.714912280701753843e+03 1.741667533930114642e+00 3.837076385582915417e-01
8.719298245614034386e+03 1.792514993482390739e+00 4.993006756703993188e-01
8.723684210526314928e+03 1.450099961281952066e+00 7.878050785527712652e-01
8.728070175438595470e+03 1.037957175027866885e+00 4.695029707263445595e-01
8.732456140350876012e+03 1.583134787505783736e+00 5.670270175872508256e-01
8.736842105263156554e+03 1.104666369549071714e+00 5.690050881506445446e-01
8.741228070175437097e+03 1.677628507500893873e+00 3.935113833474342959e-01
8.745614035087717639e+03 4.000000000000000000e+00 5.976959141030098177e-01
8.749999999999998181e+03 1.585633307005439363e+00 3.978576865405587526e-01
8.754385964912280542e+03 1.147477711566019298e+00 3.637789893751827153e-01
8.758771929824561084e+03 1.527418184874631990e+00 3.108975473884342811e-01
8.763157894736841627e+03 1.517741938460878570e+00 3.176955676708985710e-01
8.767543859649122169e+03 1.346110951698702873e+00 3.087987935075782731e-01
8.771929824561402711e+03 9.892701172346141103e-01 3.796785195195327423e-01
8.776315789473683253e+03 1.177935057325285584e+00 3.280859753632816567e-01
8.780701754385963795e+03 1.812651672308730033e+00 4.587641431974291972e-01
8.785087719298244338e+03 1.131155079908683803e+00 5.282195221025816068e-01
8.789473684210524880e+03 1.701041752594371959e+00 3.743650460222281429e-01
8.793859649122805422e+03 9.775942192406974485e-01 4.949995222360432101e-01
8.798245614035085964e+03 1.530438760528377129e+00 3.248113400292224062e-01
8.802631578947368325e+03 1.472518633859167148e+00 3.336141231852955968e-01
8.807017543859648868e+03 1.110719560792233329e+00 3.294257021674865671e-01
8.811403508771929410e+03 1.615242603993879422e+00 3.998826106272025394e-01
8.815789473684209952e+03 1.423969779761464327e+00 3.094331618163094766e-01
8.820175438596490494e+03 1.653345490639446913e+00 3.374623592282344764e-01
8.824561403508771036e+03 1.487230782140061436e+00 4.340002104149134898e-01
8.828947368421051578e+03 1.545391167997282933e+00 3.842803873849301999e-01
8.833333333333332121e+03 1.145962213059439794e+00 4.504648224457340477e-01
8.837719298245612663e+03 1.729851217346821235e+00 3.716023919149560317e-01
8.842105263157893205e+03 1.745488481345269571e+00 4.483646487611431253e-01
8.846491228070173747e+03 1.634844709676402497e+00 4.273336639582963614e-01
8.850877192982454289e+03 1.703083884702282003e+00 3.475134338279882162e-01
8.855263157894736651e+03 8.199826585171825499e-01 3.543108861889585626e-01
8.859649122807017193e+03 1.189370440566518639e+00 4.005490665003413886e-01
8.864035087719297735e+03 3.430086805380543891e-01 4.949591998099734380e-01
8.868421052631578277e+03 1.404789707899518181e+00 3.717145564100092225e-01
8.872807017543858819e+03 1.616435602600909904e+00 3.810639640039998333e-01
8.877192982456139362e+03 1.846014788391741490e+00 5.335449219512589103e-01
8.881578947368419904e+03 1.821780101649428607e+00 6.051277347727114231e-01
8.885964912280700446e+03 1.400852620538852289e+00 5.530430866419611124e-01
8.890350877192980988e+03 1.419424022539668151e+00 4.139781381460514997e-01
8.894736842105261530e+03 2.038789889918356746e+00 4.651450251425944260e-01
8.899122807017542073e+03 3.937419594739739459e-01 6.436027122226786190e-01
8.903508771929824434e+03 6.854048577448944579e-01 6.189671296977933279e-01
8.907894736842104976e+03 1.389963719755163307e+00 6.029477681182219273e-01
8.912280701754385518e+03 9.047963383829599193e-01 4.797533857704713300e-01
8.916666666666666060e+03 1.350675535518023107e+00 5.088298304172220732e-01
8.921052631578946603e+03 1.461226650795153903e+00 7.280793306818025279e-01
8.925438596491227145e+03 9.010611187173150904e-01 6.645507804874100088e-01
8.929824561403507687e+03 1.875574931774881826e-01 7.585102680916004925e-01
8.934210526315788229e+03 1.214666799749603232e+00 8.310753011368225973e-01
8.938596491228068771e+03 1.984195596705885078e+00 8.765547383323013531e-01
8.942982456140349314e+03 1.837604921721250673e+00 7.464941851228137359e-01
8.947368421052629856e+03 5.956584957434994942e-01 8.799250684380894860e-01
8.951754385964910398e+03 4.064920809736785601e-01 8.664031416281201547e-01
8.956140350877192759e+03 6.156450729189900661e-01 1.403512054914600959e+00
8.960526315789473301e+03 2.755987276854770851e+00 1.045182840195268303e+00
8.964912280701753843e+03 2.208003234880829169e+00 9.741287622846742655e-01
8.969298245614034386e+03 1.492377087945624625e+00 1.337114081372075436e+00
8.973684210526314928e+03 1.678951452224952900e+00 1.301978198345729920e+00
8.978070175438595470e+03 3.215703256476044380e+00 1.237137749500335504e+00
8.982456140350876012e+03 1.744297663556775735e+00 1.233034232745870540e+00
8.986842105263156554e+03 3.170151409290087763e+00 1.356518255055530586e+00
8.991228070175437097e+03 1.481351318081896240e+00 1.439738347209311708e+00
8.995614035087717639e+03 1.167565662728178300e+00 1.613666292453728834e+00
