2.500000000000000000e+03 8.360882322461040683e-01 6.213156761714165865e-01
2.503472222222222626e+03 1.051469108423301435e+00 6.432263822166338629e-01
2.506944444444444798e+03 1.441013707302589042e+00 6.603381806884589533e-01
2.510416666666666970e+03 1.405669079287676038e+00 6.913026803181971935e-01
2.513888888888889142e+03 9.024567381948790379e-01 7.083781361368391982e-01
2.517361111111111313e+03 1.073117588247860743e+00 7.274680931773069847e-01
2.520833333333333485e+03 1.583774358418682970e+00 7.484439543591069333e-01
2.524305555555556111e+03 1.097190961716342006e+00 7.519552137743352738e-01
2.527777777777777828e+03 1.843523128366638897e+00 7.554066475912465384e-01
2.531250000000000000e+03 2.760243071965079231e+00 7.419347056151438524e-01
2.534722222222222626e+03 2.688466331928465625e+00 7.246311297580604327e-01
2.538194444444444798e+03 1.701326067933756514e+00 8.196079013512784783e-01
2.541666666666666970e+03 1.568040226061366615e+00 7.639958143327650886e-01
2.545138888888889142e+03 2.281852427525691951e+00 7.131037992861239960e-01
2.548611111111111313e+03 1.457848183374739870e+00 6.517836792468996165e-01
2.552083333333333485e+03 1.153351543239049093e+00 6.053858526046540511e-01
2.555555555555556111e+03 1.889802981165474849e+00 5.742469082396370883e-01
2.559027777777777828e+03 2.294470596710860733e+00 5.513758056502257032e-01
2.562500000000000000e+03 2.119155315108835591e+00 5.260008619918217221e-01
2.565972222222222626e+03 1.959885035328273517e+00 5.040114321686323118e-01
2.569444444444444798e+03 2.060719124379124079e+00 5.127348430798317480e-01
2.572916666666666970e+03 2.254454539967566173e+00 4.904124586417111242e-01
2.576388888888889142e+03 1.761628034566111722e+00 4.660008748515297450e-01
2.579861111111111313e+03 1.858623221205344622e+00 4.563234972501610254e-01
2.583333333333333485e+03 2.041054953418363738e+00 4.381575381889298293e-01
2.586805555555556111e+03 2.224860437921702516e+00 4.377005153472088850e-01
2.590277777777777828e+03 2.422901619235729331e+00 4.477319822141291317e-01
2.593750000000000000e+03 2.371457195860706690e+00 4.525095874015788167e-01
2.597222222222222626e+03 2.801466823029535202e+00 4.671929697877093557e-01
2.600694444444444798e+03 2.182500559606969315e+00 4.477801222516531454e-01
2.604166666666666970e+03 2.181901185388318343e+00 4.348406281005698926e-01
2.607638888888889142e+03 2.581048631474062827e+00 4.486337832190370190e-01
2.611111111111111313e+03 1.921657037121587308e+00 4.352196540173824957e-01
2.614583333333333485e+03 1.739290162566558440e+00 4.384697495356596475e-01
2.618055555555556111e+03 1.868004098668514912e+00 4.461558852132394559e-01
2.621527777777777828e+03 2.078889332735188944e+00 4.663343885842022307e-01
2.625000000000000000e+03 1.807906210011723802e+00 4.755655343162566995e-01
2.628472222222222626e+03 1.946416448058618354e+00 4.873612413040067648e-01
2.631944444444444798e+03 1.694760348297925212e+00 5.004690858069890114e-01
2.635416666666666970e+03 2.154865047008803103e+00 5.204480959678636776e-01
2.638888888888889142e+03 1.469912266878304008e+00 5.204377522896499464e-01
2.642361111111111313e+03 1.519464076699102106e+00 5.365731075381063864e-01
2.645833333333333485e+03 8.467161659194216705e-01 5.442059033831683212e-01
2.649305555555556111e+03 1.576905037849335667e+00 5.661894624700741785e-01
2.652777777777777828e+03 1.678777967663482418e+00 5.721776134791657364e-01
2.656250000000000000e+03 2.138497434250619111e+00 5.733422557342485737e-01
2.659722222222222626e+03 1.790124588485847879e+00 5.939960650970721456e-01
2.663194444444444798e+03 1.218199696225739981e+00 5.786712069263729719e-01
2.666666666666666970e+03 1.936200248689981196e+00 5.725220300077932256e-01
2.670138888888889142e+03 2.333558518003633786e+00 6.587888654273765798e-01
2.673611111111111313e+03 1.539718116876910292e+00 6.037912488065281247e-01
2.677083333333333485e+03 2.390509132894767852e+00 5.658808294768885583e-01
2.680555555555556111e+03 2.601806436736763928e+00 5.282661275206110840e-01
2.684027777777777828e+03 2.633015270819441422e+00 5.037377999460506128e-01
2.687500000000000000e+03 2.114500659912691649e+00 4.702914325745517488e-01
2.690972222222222626e+03 1.997842420548181508e+00 4.535347856919867970e-01
2.694444444444444798e+03 1.963617705369049338e+00 4.332258960637578871e-01
2.697916666666666970e+03 2.094422741823385170e+00 4.198306650417585884e-01
2.701388888888889142e+03 1.873968766732471813e+00 4.071983501777337033e-01
2.704861111111111313e+03 1.962137720707884059e+00 4.076514032834915868e-01
2.708333333333333485e+03 1.960129369781213216e+00 4.015361089000333839e-01
2.711805555555556111e+03 2.513591635106567246e+00 4.123871864638936069e-01
2.715277777777777828e+03 1.978848072641470557e+00 4.073556859101294392e-01
2.718750000000000000e+03 2.333924181006429066e+00 3.989614835249946645e-01
2.722222222222222626e+03 2.974313040686075826e+00 3.879767209091947167e-01
2.725694444444444798e+03 2.459755865152095655e+00 3.741754026717049597e-01
2.729166666666666970e+03 2.044922929952526669e+00 3.569072748794184791e-01
2.732638888888889142e+03 2.590783989585203173e+00 3.524551880409411142e-01
2.736111111111111313e+03 2.545085060119554488e+00 3.699109557472005649e-01
2.739583333333333485e+03 1.995847488447300311e+00 3.657595065182085436e-01
2.743055555555556111e+03 2.233679402054885355e+00 3.678464134875301106e-01
2.746527777777777828e+03 2.411377084352501310e+00 3.643982225535180586e-01
2.750000000000000000e+03 3.024137699964614789e+00 3.711391137776926530e-01
2.753472222222222626e+03 1.906318760125098377e+00 3.578887501624586354e-01
2.756944444444444798e+03 2.100931990567348251e+00 3.621543712342196741e-01
2.760416666666666970e+03 2.346532845189996941e+00 3.925581875930039266e-01
2.763888888888889142e+03 1.998333885042764546e+00 4.038314549633035266e-01
2.767361111111111313e+03 2.025410839017394604e+00 4.111528781382474129e-01
2.770833333333333485e+03 2.200265966718348398e+00 4.243517470095098387e-01
2.774305555555556111e+03 1.757195908230998471e+00 4.277569417892174708e-01
2.777777777777777828e+03 2.292881024972407644e+00 4.455155835759275207e-01
2.781250000000000000e+03 2.136198901216222357e+00 4.503059366478783243e-01
2.784722222222222626e+03 1.698631120420795337e+00 4.609789911229155157e-01
2.788194444444444798e+03 1.898143899629867626e+00 4.646013472333357930e-01
2.791666666666666970e+03 1.991552905076540592e+00 4.663809630920507376e-01
2.795138888888889142e+03 2.351232788923184547e+00 4.699835264344297547e-01
2.798611111111111313e+03 1.957115725155722963e+00 4.630248029382531549e-01
2.802083333333333485e+03 1.716999815575011690e+00 4.591065617191482651e-01
2.805555555555556111e+03 1.997504713432448620e+00 4.622475174543279608e-01
2.809027777777777828e+03 2.771426545026130839e+00 5.681575569193740849e-01
2.812500000000000000e+03 2.411670621166671413e+00 5.302770503888929454e-01
2.815972222222222626e+03 2.428691283446669402e+00 4.929081365916813118e-01
2.819444444444444798e+03 1.812224276327616401e+00 4.674891344552645212e-01
2.822916666666666970e+03 1.777605383140884454e+00 4.524581485693812133e-01
2.826388888888889142e+03 2.363157092991428510e+00 4.352397822560685747e-01
2.829861111111111313e+03 2.072892794959977802e+00 4.141838554137175499e-01
2.833333333333333485e+03 2.268398936435050306e+00 3.982347981966550821e-01
2.836805555555556111e+03 2.094315950334801002e+00 3.843946771879206414e-01
2.840277777777777828e+03 2.095261418435304002e+00 3.716855395462440037e-01
2.843750000000000000e+03 2.560242742085612644e+00 3.643486288098666814e-01
2.847222222222222626e+03 2.633686212108976132e+00 3.535083422184130963e-01
2.850694444444444798e+03 2.966464145834008637e+00 3.532200051992357981e-01
2.854166666666666970e+03 2.528541325272868789e+00 3.453548400208986680e-01
2.857638888888889142e+03 3.098463457783716457e+00 3.501051043507998339e-01
2.861111111111111313e+03 2.143314792709473782e+00 3.358393829174042278e-01
2.864583333333333485e+03 2.986798139848822142e+00 3.448268092260353690e-01
2.868055555555556111e+03 2.562644711902144046e+00 3.366890741488249295e-01
2.871527777777777828e+03 2.756185554516621394e+00 3.359709433219270069e-01
2.875000000000000000e+03 2.761376403626649711e+00 3.315614612553350327e-01
2.878472222222222626e+03 2.979578252455693299e+00 3.277535339665845204e-01
2.881944444444444798e+03 2.525597011247296297e+00 3.195919245618214499e-01
2.885416666666666970e+03 3.353534648708139887e+00 3.354798702097622209e-01
2.888888888888889142e+03 2.787846155734250431e+00 3.322164676892426782e-01
2.892361111111111313e+03 2.829521673933659720e+00 3.384646643598027138e-01
2.895833333333333485e+03 2.197456400068424021e+00 3.362912059641312568e-01
2.899305555555556111e+03 2.284601050341814599e+00 3.319143204618558163e-01
2.902777777777777828e+03 2.326198292057444661e+00 3.345097450168700304e-01
2.906250000000000000e+03 2.357136513153341717e+00 3.337534264482427959e-01
2.909722222222222626e+03 2.663400524469215380e+00 3.404055856868765106e-01
2.913194444444444798e+03 2.611453454244783146e+00 3.451783824617511987e-01
2.916666666666666970e+03 2.549798981796272734e+00 3.454968000154092778e-01
2.920138888888889142e+03 2.628481385055415398e+00 3.555527562393975272e-01
2.923611111111111313e+03 2.063231240390687837e+00 3.602426917650147220e-01
2.927083333333333485e+03 2.304582241061881920e+00 3.666921149106609490e-01
2.930555555555556111e+03 2.778882380106075800e+00 3.724873702990113555e-01
2.934027777777777828e+03 2.384779853399888516e+00 3.716980637836486689e-01
2.937500000000000000e+03 2.121108872496861864e+00 3.788454895175067949e-01
2.940972222222222626e+03 3.036731267969171366e+00 3.905120403070215240e-01
2.944444444444444798e+03 2.954316194669254436e+00 3.926805784665697852e-01
2.947916666666666970e+03 2.870341182871170460e+00 3.990835948396899147e-01
2.951388888888889142e+03 1.619343751765589534e+00 3.896452400727176690e-01
2.954861111111111313e+03 2.358797651962680764e+00 3.968499194632826854e-01
2.958333333333333485e+03 2.291947857462212745e+00 3.907392098453030260e-01
2.961805555555556111e+03 2.356609265123317698e+00 3.919752514359470807e-01
2.965277777777777828e+03 3.073698455669273244e+00 3.859228577983826458e-01
2.968750000000000000e+03 2.148460353282458435e+00 3.720086536889288253e-01
2.972222222222222626e+03 2.532429430045716856e+00 4.310163745737740637e-01
2.975694444444444798e+03 2.451523415529512917e+00 4.064415843149133400e-01
2.979166666666666970e+03 2.431006590013301771e+00 3.855689921799276276e-01
2.982638888888889142e+03 2.169269038259615812e+00 3.694685817903011205e-01
2.986111111111111313e+03 1.801038566795602369e+00 3.452087425551026434e-01
2.989583333333333485e+03 2.605138778474783479e+00 3.421215739466340611e-01
2.993055555555556111e+03 2.824910070803596795e+00 3.398997518663419148e-01
2.996527777777777828e+03 2.379040509785665947e+00 3.356184195860510422e-01
3.000000000000000000e+03 2.777238014828975921e+00 3.339486703634972353e-01
3.003472222222222626e+03 2.562154365643042553e+00 3.141692652362589322e-01
3.006944444444444798e+03 2.206082468580867317e+00 3.102126126283283325e-01
3.010416666666666970e+03 2.552881397903939753e+00 3.104349178422606270e-01
3.013888888888889142e+03 2.778510007690385031e+00 3.005265127901957101e-01
3.017361111111111313e+03 2.362010901621807601e+00 3.003241680796269741e-01
3.020833333333333485e+03 2.021997425206890409e+00 2.926311552538295446e-01
3.024305555555556111e+03 2.954198779943586040e+00 2.986798028025273721e-01
3.027777777777777828e+03 3.155095934680061998e+00 3.012575033251431167e-01
3.031250000000000000e+03 2.947663252665782885e+00 2.923098861996909492e-01
3.034722222222222626e+03 3.306778986711476964e+00 2.920048874718236265e-01
3.038194444444444798e+03 2.844171117872895227e+00 2.849081178053252672e-01
3.041666666666666970e+03 2.588157254436678212e+00 2.825692723817836982e-01
3.045138888888889142e+03 3.067160132802765116e+00 2.784969383131825627e-01
3.048611111111111313e+03 2.724994053083924062e+00 2.766895343027260812e-01
3.052083333333333485e+03 2.540130717814087280e+00 2.753775086110421544e-01
3.055555555555556111e+03 2.618371418057618083e+00 2.774554696965033651e-01
3.059027777777777828e+03 2.552355268109397279e+00 2.843134401757015928e-01
3.062500000000000000e+03 2.832280360869127822e+00 2.920183062976142718e-01
3.065972222222222626e+03 3.133354641310452493e+00 2.951405875002351964e-01
3.069444444444444798e+03 3.025409692826025676e+00 2.989768620584685732e-01
3.072916666666666970e+03 3.117298457134161094e+00 3.011863276366783526e-01
3.076388888888889142e+03 2.361822478942997794e+00 2.968687645267525377e-01
3.079861111111111313e+03 2.707735765763883862e+00 3.006522583702092022e-01
3.083333333333333485e+03 2.670206664733795865e+00 3.091632604514970573e-01
3.086805555555556111e+03 2.829298585954888257e+00 3.148085045498625334e-01
3.090277777777777828e+03 2.554818740877469185e+00 3.159503348011011847e-01
3.093750000000000000e+03 2.600128524395187934e+00 3.189829894297951940e-01
3.097222222222222626e+03 2.378056462561014772e+00 3.222172619159941465e-01
3.100694444444444798e+03 2.529664033697355041e+00 3.305543783797443846e-01
3.104166666666666970e+03 3.029885430344957165e+00 3.385825822914383387e-01
3.107638888888889142e+03 4.000000000000000000e+00 3.582681674616901013e-01
3.111111111111111313e+03 2.469515824443849983e+00 3.446688025523500509e-01
3.114583333333333485e+03 1.921653682415139341e+00 3.512902103152135136e-01
3.118055555555556111e+03 2.772710279360103502e+00 3.598062444561728190e-01
3.121527777777777828e+03 2.332702508741735237e+00 3.611395725337994134e-01
3.125000000000000000e+03 2.185372188326174747e+00 3.612009077500176191e-01
3.128472222222222626e+03 2.361547952132029504e+00 3.674364683596248460e-01
3.131944444444444798e+03 1.997908955559393851e+00 5.554686034281577367e-01
3.135416666666666970e+03 3.038410857663971232e+00 5.356413378222659727e-01
3.138888888888889142e+03 1.843818901651777420e+00 4.930195687575181229e-01
3.142361111111111313e+03 2.310217588776225739e+00 4.724992207995377669e-01
3.145833333333333485e+03 2.275009385490184943e+00 4.492712333558685489e-01
3.149305555555556111e+03 2.776096855519026629e+00 4.391425359137399176e-01
3.152777777777777828e+03 2.419968487564982951e+00 4.157812548005498932e-01
3.156250000000000000e+03 2.404861126195642740e+00 3.972582431497382882e-01
3.159722222222222626e+03 1.957639618479299237e+00 3.726889322447422548e-01
3.163194444444444798e+03 2.825956180097527248e+00 3.674322749765652207e-01
3.166666666666666970e+03 2.321758897191694704e+00 3.509902995587916852e-01
3.170138888888889142e+03 2.500423294063980340e+00 3.384685781839916752e-01
3.173611111111111313e+03 3.116455307580313416e+00 3.343988719687745470e-01
3.177083333333333485e+03 2.707545106614109187e+00 3.208395398897100348e-01
3.180555555555556111e+03 2.871641131619643961e+00 3.161123112107495081e-01
3.184027777777777828e+03 2.790977774203151629e+00 3.068861975383667118e-01
3.187500000000000000e+03 2.293250601799391220e+00 2.934602150405970500e-01
3.190972222222222626e+03 2.503735507563312535e+00 2.870957777916252618e-01
3.194444444444444798e+03 2.933623806182282134e+00 2.863632776387764478e-01
3.197916666666666970e+03 2.879054473751254228e+00 2.803449901834300095e-01
3.201388888888889142e+03 2.697847209391633694e+00 2.754966566017086338e-01
3.204861111111111313e+03 2.696532723581889890e+00 2.692696504935430113e-01
3.208333333333333485e+03 2.766959194273315159e+00 2.675604275584549940e-01
3.211805555555556111e+03 3.102328079611433864e+00 2.685572226676060104e-01
3.215277777777777828e+03 2.684092912956187238e+00 2.616376933250930126e-01
3.218750000000000000e+03 3.001504054679926536e+00 2.609346586772095522e-01
3.222222222222222626e+03 2.967179816542846460e+00 2.582146067776643350e-01
3.225694444444444798e+03 3.025502506371077871e+00 2.551580778214178613e-01
3.229166666666666970e+03 3.561022124261065791e+00 2.616681652419926563e-01
3.232638888888889142e+03 3.086499456355843218e+00 2.559887590496351395e-01
3.236111111111111313e+03 3.317205973468577707e+00 2.653162407685117352e-01
3.239583333333333485e+03 2.838728106661549955e+00 2.539073873459521402e-01
3.243055555555556111e+03 3.022841665040331804e+00 2.579484667328158509e-01
3.246527777777777828e+03 2.951638020688530428e+00 2.599402677743459789e-01
3.250000000000000000e+03 2.734967036235106619e+00 2.568692576686003037e-01
3.253472222222222626e+03 3.059477855037600502e+00 2.621826094757429559e-01
3.256944444444444798e+03 3.102978892662281218e+00 2.629634733132122926e-01
3.260416666666666970e+03 2.777858076404054355e+00 2.621464345578822241e-01
3.263888888888889142e+03 3.090701226181548744e+00 2.644411655916369952e-01
3.267361111111111313e+03 3.063649432505277215e+00 2.663258396739381362e-01
3.270833333333333485e+03 3.069404990533996624e+00 2.708029749872247760e-01
3.274305555555556111e+03 2.958042155297132769e+00 2.716049175635403823e-01
3.277777777777777828e+03 2.939330720967509691e+00 2.753871254361921483e-01
3.281250000000000000e+03 2.713945327398522789e+00 2.758704827235273771e-01
3.284722222222222626e+03 3.136077544710479614e+00 2.795891748207698924e-01
3.288194444444444798e+03 3.205582589364277091e+00 2.844098879860720852e-01
3.291666666666666970e+03 2.811903873905977846e+00 2.852547148931437460e-01
3.295138888888889142e+03 2.897028431780130031e+00 2.921508172022971861e-01
3.298611111111111313e+03 2.661924453632240173e+00 2.908084873290360806e-01
3.302083333333333485e+03 2.984714867144817596e+00 2.975251128432391812e-01
3.305555555555556111e+03 2.874477535921148963e+00 3.017396305534474354e-01
3.309027777777777828e+03 2.508423709823931258e+00 3.000410867672178017e-01
3.312500000000000000e+03 2.585377321027041653e+00 3.038040609895695798e-01
3.315972222222222626e+03 2.490478266799859952e+00 3.090945448810939467e-01
3.319444444444444798e+03 2.827927629253275565e+00 3.143627199747412448e-01
3.322916666666666970e+03 2.668794333319328249e+00 3.156927492576942496e-01
3.326388888888889142e+03 3.272484940932427477e+00 5.512519610705326478e-01
3.329861111111111313e+03 2.968875061534402171e+00 5.149715936038159469e-01
3.333333333333333485e+03 2.468376342487125008e+00 4.832517259056106629e-01
3.336805555555556111e+03 3.005355816799593072e+00 4.676525086592661085e-01
3.340277777777777828e+03 3.845149545964244631e+00 4.566344226260859451e-01
3.343750000000000000e+03 3.414471213976848052e+00 4.319662037926577103e-01
3.347222222222222626e+03 2.450984426026919571e+00 4.092554002596709983e-01
3.350694444444444798e+03 2.327705673487931115e+00 3.889817909609167290e-01
3.354166666666666970e+03 2.361630142439997471e+00 3.759793960639396526e-01
3.357638888888889142e+03 3.149116170437090023e+00 3.747402234139443622e-01
3.361111111111111313e+03 3.302266906539360392e+00 3.627370837441799556e-01
3.364583333333333485e+03 2.890674617768241639e+00 3.457764147978225067e-01
3.368055555555556111e+03 3.259902555282695680e+00 3.369550464583511151e-01
3.371527777777777828e+03 3.436458519152621793e+00 3.276504326550926938e-01
3.375000000000000000e+03 2.872206958773816154e+00 3.091122689134924717e-01
3.378472222222222626e+03 2.941766237848517651e+00 3.041176142188785070e-01
3.381944444444444798e+03 2.611347221873937308e+00 2.930346146159359955e-01
3.385416666666666970e+03 3.326274863232112633e+00 2.956631389412339161e-01
3.388888888888889142e+03 2.980828439725193402e+00 2.875057788313046814e-01
3.392361111111111313e+03 3.133150004217145845e+00 2.828632005783737191e-01
3.395833333333333485e+03 2.831161566268828533e+00 2.729086124008792136e-01
3.399305555555556111e+03 3.264626541078757160e+00 2.720998485881199747e-01
3.402777777777777828e+03 2.581296879751189266e+00 2.585851341048095442e-01
3.406250000000000000e+03 3.391629576892401854e+00 2.664014883043331339e-01
3.409722222222222626e+03 2.902985831313450671e+00 2.509200771660759499e-01
3.413194444444444798e+03 2.406353970564854894e+00 2.430843215809299629e-01
3.416666666666666970e+03 2.800817687331909944e+00 2.377890292768306546e-01
3.420138888888889142e+03 2.810087300364564555e+00 2.383146558654064551e-01
3.423611111111111768e+03 2.838572671929473934e+00 2.366348984352838192e-01
3.427083333333333485e+03 2.965355415353056134e+00 2.343336816357302343e-01
3.430555555555556111e+03 2.658427172160541918e+00 2.289639148484926001e-01
3.434027777777778283e+03 2.940469643806494560e+00 2.300657122694558243e-01
3.437500000000000000e+03 2.769555177946070756e+00 2.292209412741582908e-01
3.440972222222222626e+03 2.665903135479176012e+00 2.251857326235780499e-01
3.444444444444445253e+03 2.530113005243603386e+00 2.222829051344089590e-01
3.447916666666666970e+03 3.066772664208057275e+00 2.298150597860407207e-01
3.451388888888889142e+03 2.926538107047063075e+00 2.281107011753018277e-01
3.454861111111111768e+03 2.740348544494913163e+00 2.255658767758732253e-01
3.458333333333333485e+03 2.681051871561373812e+00 2.244296377020472966e-01
3.461805555555556111e+03 2.722414842943407187e+00 2.222349887439813709e-01
3.465277777777778283e+03 2.831797283140662369e+00 2.288297825023599408e-01
3.468750000000000000e+03 2.915788509353242741e+00 2.301750756996498726e-01
3.472222222222222626e+03 2.451877337059742423e+00 2.251183589357539927e-01
3.475694444444445253e+03 2.945356332865268545e+00 2.308327099869414978e-01
3.479166666666666970e+03 2.600462876804472856e+00 2.328103653496172987e-01
3.482638888888889142e+03 2.979591112163744171e+00 2.360536955432249173e-01
3.486111111111111768e+03 2.577450708808935342e+00 2.332907593129236734e-01
3.489583333333333485e+03 2.613360604860281988e+00 2.366664885876660629e-01
3.493055555555556111e+03 2.558304839994340441e+00 2.402868318742177045e-01
3.496527777777778283e+03 2.832542027972045684e+00 2.466209090298381590e-01
3.500000000000000000e+03 2.686318760684215157e+00 2.462096220193538132e-01
3.503472222222222626e+03 2.653537687513064736e+00 2.538527615426293127e-01
3.506944444444445253e+03 2.681945900829675988e+00 2.534212903816847606e-01
3.510416666666666970e+03 2.797521129129333595e+00 2.554875659063531868e-01
3.513888888888889142e+03 2.886664625327794109e+00 2.606302749788576567e-01
3.517361111111111768e+03 2.695488291641181533e+00 2.586636901474592132e-01
3.520833333333333485e+03 2.288080999163530915e+00 2.584790135575149028e-01
3.524305555555556111e+03 2.753727672925961656e+00 2.658433769749890541e-01
3.527777777777778283e+03 2.692199561086982218e+00 2.666761269388490674e-01
3.531250000000000000e+03 2.572410262371313205e+00 2.686375119752536511e-01
3.534722222222222626e+03 2.534884516047671621e+00 2.711630468126080551e-01
3.538194444444445253e+03 2.762069150508093429e+00 2.736959620041474195e-01
3.541666666666666970e+03 2.592205826001272140e+00 2.746689946092942813e-01
3.545138888888889142e+03 2.923559686839271254e+00 2.813176314061578420e-01
3.548611111111111768e+03 2.479323308743615062e+00 2.779011983598504987e-01
3.552083333333333485e+03 2.135070042496582943e+00 4.642219858458784265e-01
3.555555555555556111e+03 1.644959731082259902e+00 4.392071140128575579e-01
3.559027777777778283e+03 2.523903443608964015e+00 4.270058789273583066e-01
3.562500000000000000e+03 2.252388040795803015e+00 4.122026776092717060e-01
3.565972222222222626e+03 2.617022826065655394e+00 4.027971430537126141e-01
3.569444444444445253e+03 1.820361675934184076e+00 3.769222363110574237e-01
3.572916666666666970e+03 2.156802949100073086e+00 3.678189048946591821e-01
3.576388888888889142e+03 2.124513899541246253e+00 3.524169443874376473e-01
3.579861111111111768e+03 2.221051168750372895e+00 3.413943854123273614e-01
3.583333333333333485e+03 2.340056025275029317e+00 3.313619680452469241e-01
3.586805555555556111e+03 2.587590868164761471e+00 3.206586653004065424e-01
3.590277777777778283e+03 3.091679682228785531e+00 3.151909969966710801e-01
3.593750000000000000e+03 2.518516903289489406e+00 3.016542532743541893e-01
3.597222222222222626e+03 1.965832370742252477e+00 2.864778408639643281e-01
3.600694444444445253e+03 2.299992443523728003e+00 2.768437389757706368e-01
3.604166666666666970e+03 2.342783960734728055e+00 2.771009331367587092e-01
3.607638888888889142e+03 2.809209485510756998e+00 2.739718866094683625e-01
3.611111111111111768e+03 2.934421667199086148e+00 2.735564062159243637e-01
3.614583333333333485e+03 2.284806805670606344e+00 2.580579978983322809e-01
3.618055555555556111e+03 2.581034094412790303e+00 2.528465732554247003e-01
3.621527777777778283e+03 2.448858101256837561e+00 2.466815173929927107e-01
3.625000000000000000e+03 2.383719766162422538e+00 2.446924001166207452e-01
3.628472222222222626e+03 2.705754252488793643e+00 2.430349514843750947e-01
3.631944444444445253e+03 2.130484717900358316e+00 2.316264335324603185e-01
3.635416666666666970e+03 2.631154526976467789e+00 2.325674846028059073e-01
3.638888888888889142e+03 2.494255107142196337e+00 2.337689727170390586e-01
3.642361111111111768e+03 2.529178160380182394e+00 2.259393115152730780e-01
3.645833333333333485e+03 2.750930965984085930e+00 2.269113936202596937e-01
3.649305555555556111e+03 2.404056555765941017e+00 2.246579813875853870e-01
3.652777777777778283e+03 2.861218617804472064e+00 2.234050544411546602e-01
3.656250000000000000e+03 2.812644704913172422e+00 2.160563463204363266e-01
3.659722222222222626e+03 2.646391044544043947e+00 2.145865376021637017e-01
3.663194444444445253e+03 2.559891057026347561e+00 2.175238626559696797e-01
3.666666666666666970e+03 2.602786570137225031e+00 2.155879174767933171e-01
3.670138888888889142e+03 2.665304879496008805e+00 2.157958533647747201e-01
3.673611111111111768e+03 2.788864868258861041e+00 2.169954963904616174e-01
3.677083333333333485e+03 2.734765753848245939e+00 2.162799375051735473e-01
3.680555555555556111e+03 2.573012432178669151e+00 2.159298179755850255e-01
3.684027777777778283e+03 3.147542813113133775e+00 2.231753688730374885e-01
3.687500000000000000e+03 2.735662019587514759e+00 2.179722750844749757e-01
3.690972222222222626e+03 2.533907178235917712e+00 2.159333404173550686e-01
3.694444444444445253e+03 2.518723776853760477e+00 2.157469864741869969e-01
3.697916666666666970e+03 2.692655801163864826e+00 2.180598888345332831e-01
3.701388888888889142e+03 2.627824421709413105e+00 2.180419970668124041e-01
3.704861111111111768e+03 2.819765628466091911e+00 2.210323264824915757e-01
3.708333333333333485e+03 2.602099973550936252e+00 2.175160909193659675e-01
3.711805555555556111e+03 2.825804100071901193e+00 2.213225645019891996e-01
3.715277777777778283e+03 2.748291371127512317e+00 2.211201638796464197e-01
3.718750000000000000e+03 2.984000314671465315e+00 2.254714417893713130e-01
3.722222222222222626e+03 3.003602423562944157e+00 2.266587842247501094e-01
3.725694444444445253e+03 3.024647615344662643e+00 2.255414992423535048e-01
3.729166666666666970e+03 3.191268616069809827e+00 2.293682687989851421e-01
3.732638888888889142e+03 2.753535895540704104e+00 2.280417619578021526e-01
3.736111111111111768e+03 2.623982164591349253e+00 2.290137322392405417e-01
3.739583333333333485e+03 2.626368479111125254e+00 2.300969669511932769e-01
3.743055555555556111e+03 2.760811135590216292e+00 2.348017750087285083e-01
3.746527777777778283e+03 3.109313137553225470e+00 2.401537059400193352e-01
3.750000000000000000e+03 2.868158946326961001e+00 2.415611171183652817e-01
3.753472222222222626e+03 2.697181300161772821e+00 2.412853043365926486e-01
3.756944444444445253e+03 2.891689975586404504e+00 2.489503612753262707e-01
3.760416666666666970e+03 2.385397678504000307e+00 2.484629783402539371e-01
3.763888888888889142e+03 2.609539594216384817e+00 2.584166719293623515e-01
3.767361111111111768e+03 3.076481743785357548e+00 2.665716278330041433e-01
3.770833333333333485e+03 2.853233857341275215e+00 2.654853179734743551e-01
3.774305555555556111e+03 2.537508455607491165e+00 2.625792476014058296e-01
3.777777777777778283e+03 2.743448293252558123e+00 2.720020029833962738e-01
3.781250000000000000e+03 2.665156713294569268e+00 2.754950910720330159e-01
3.784722222222222626e+03 2.537799196832956294e+00 2.826302162155830411e-01
3.788194444444445253e+03 2.568361690806715281e+00 2.902554080593635066e-01
3.791666666666666970e+03 2.401058007319466281e+00 2.997148974769560104e-01
3.795138888888889142e+03 1.989469632372536267e+00 3.023650596588414174e-01
3.798611111111111768e+03 3.000104023855764801e+00 3.235096066631850120e-01
3.802083333333333485e+03 1.911923356363672832e+00 3.212504355177755455e-01
3.805555555555556111e+03 2.263370790587734049e+00 3.312979490638705005e-01
3.809027777777778283e+03 2.064693333284130627e+00 3.361181031114314766e-01
3.812500000000000000e+03 2.310338917326084651e+00 5.815003426972414902e-01
3.815972222222222626e+03 2.160035208762403958e+00 5.517891054845787124e-01
3.819444444444445253e+03 1.811278808227115178e+00 5.218702119428051400e-01
3.822916666666666970e+03 1.590150537140219145e+00 4.917135815374401031e-01
3.826388888888889142e+03 2.744108611305008605e+00 4.869151771700148679e-01
3.829861111111111768e+03 2.511994794837475897e+00 4.651845629492632472e-01
3.833333333333333485e+03 2.070847542262382657e+00 4.402647970440338732e-01
3.836805555555556111e+03 2.349588982763825662e+00 4.341258519801196591e-01
3.840277777777778283e+03 2.668838503620888591e+00 4.267281651452652924e-01
3.843750000000000000e+03 2.512760227025284898e+00 4.199975616875302187e-01
3.847222222222222626e+03 3.000300833300694414e+00 4.279852295629814618e-01
3.850694444444445253e+03 2.672161340357305459e+00 4.239675212977033203e-01
3.854166666666666970e+03 2.144647170286940074e+00 4.099531232890122889e-01
3.857638888888889142e+03 2.031940216000044153e+00 3.964230889795907764e-01
3.861111111111111768e+03 2.920288288935051657e+00 4.077860388355913912e-01
3.864583333333333485e+03 2.167770602712991046e+00 4.041319807492406158e-01
3.868055555555556111e+03 2.271245963973639537e+00 4.003487664646545596e-01
3.871527777777778283e+03 2.898648195876613709e+00 4.708009006604046420e-01
3.875000000000000000e+03 2.080544880367113603e+00 4.264653238950903424e-01
3.878472222222222626e+03 1.924492323187611209e+00 3.837246863985467327e-01
3.881944444444445253e+03 1.569394409230743914e+00 3.711273723051258244e-01
3.885416666666666970e+03 2.120782347735955753e+00 3.618790616584141584e-01
3.888888888888889142e+03 2.039337902834896799e+00 3.758677402510063326e-01
3.892361111111111768e+03 2.863890641490043354e+00 4.412164154396897575e-01
3.895833333333333485e+03 2.753057849871910268e+00 4.035461371799291541e-01
3.899305555555556111e+03 2.237934288066015576e+00 3.721656539506797978e-01
3.902777777777778283e+03 1.898334558779642078e+00 3.501109191753091210e-01
3.906250000000000000e+03 2.199213707129263007e+00 3.359871018246499141e-01
3.909722222222222626e+03 1.764925711004173170e+00 3.153030441920232629e-01
3.913194444444445253e+03 1.765895780285290595e+00 3.042529766240419931e-01
3.916666666666666970e+03 1.931118427539501692e+00 2.956788501497638610e-01
3.920138888888889142e+03 2.432697362062926860e+00 2.927283299172636633e-01
3.923611111111111768e+03 2.122576556567719042e+00 2.816570158751138253e-01
3.927083333333333485e+03 2.599152863936656122e+00 2.793186736575394291e-01
3.930555555555556111e+03 2.369136857234400928e+00 2.736832141196463009e-01
3.934027777777778283e+03 2.423146512806409802e+00 2.714173335613415672e-01
3.937500000000000000e+03 2.297115782744848733e+00 2.694434242875323182e-01
3.940972222222222626e+03 2.153112212889895183e+00 2.677796576248102633e-01
3.944444444444445253e+03 2.424639916293364283e+00 2.719481599449111719e-01
3.947916666666666970e+03 1.803418731020224985e+00 2.707700988640376338e-01
3.951388888888889142e+03 2.109922603847105282e+00 2.785382571142630548e-01
3.954861111111111768e+03 2.092096812019666796e+00 2.854759577833675954e-01
3.958333333333333485e+03 2.061220652993050795e+00 2.927212850337235772e-01
3.961805555555556111e+03 1.768266439508312082e+00 3.009650847464544476e-01
3.965277777777778283e+03 1.804220505861217516e+00 3.117766885977804603e-01
3.968750000000000000e+03 1.899815102558548130e+00 3.243693620139487810e-01
3.972222222222222626e+03 1.838492746048358217e+00 3.383160508641708808e-01
3.975694444444445253e+03 2.277756890070828266e+00 3.520068874359841282e-01
3.979166666666666970e+03 1.522971981407882591e+00 3.606999382538321752e-01
3.982638888888889142e+03 1.625327988950490798e+00 3.722244731370622506e-01
3.986111111111111768e+03 2.083122413154408381e+00 3.811393818746496298e-01
3.989583333333333485e+03 1.838737080501296139e+00 3.896109661551773184e-01
3.993055555555556111e+03 1.127280442080981215e+00 3.905310503102250586e-01
3.996527777777778283e+03 1.947120377294888849e+00 3.956059384007123980e-01
4.000000000000000000e+03 2.234363762170211043e+00 3.963481672022594604e-01
4.003472222222222626e+03 1.513809159863810150e+00 3.899199346190077575e-01
4.006944444444445253e+03 1.725521329069835463e+00 3.844632250230012871e-01
4.010416666666666970e+03 1.464086260014183960e+00 3.734288686635500731e-01
4.013888888888889142e+03 2.354135169118159787e+00 3.689342329649613617e-01
4.017361111111111768e+03 1.937672964820508215e+00 3.415551317629448302e-01
4.020833333333333485e+03 1.938514996138872792e+00 3.167211904310017201e-01
4.024305555555556111e+03 1.899550639866923296e+00 3.147089256801408608e-01
4.027777777777778283e+03 1.333575319491758782e+00 3.035133756758789381e-01
4.031250000000000000e+03 2.473147294173454025e+00 3.018110858007827524e-01
4.034722222222222626e+03 2.011246709277588973e+00 2.920011413829569635e-01
4.038194444444445253e+03 2.302675090446381301e+00 2.849530708717240568e-01
4.041666666666666970e+03 1.818411473252603994e+00 2.764621970291222253e-01
4.045138888888889142e+03 1.841643933638202002e+00 2.724780917400948521e-01
4.048611111111111768e+03 2.096947158425257030e+00 2.685441393124601839e-01
4.052083333333333485e+03 2.727411119079470758e+00 2.693411616526525387e-01
4.055555555555556111e+03 2.080916693665063377e+00 2.622206294821498584e-01
4.059027777777778283e+03 2.003808765965362504e+00 2.607535604408095509e-01
4.062500000000000000e+03 2.002311448654219284e+00 2.603422175185509668e-01
4.065972222222222626e+03 1.964291442247289243e+00 2.613306817733570542e-01
4.069444444444445253e+03 1.645216366125505925e+00 2.588755398596295221e-01
4.072916666666666970e+03 1.817797561972680720e+00 2.713434741077186407e-01
4.076388888888889142e+03 1.192200162138554065e+00 2.702472119523940952e-01
4.079861111111111768e+03 2.508493040423850573e+00 2.779997149058636707e-01
4.083333333333333485e+03 1.940263357315849868e+00 2.760405663404242316e-01
4.086805555555556111e+03 1.860714880675468752e+00 2.812780458700753217e-01
4.090277777777778283e+03 2.480320215676315332e+00 3.287565352826637421e-01
4.093750000000000000e+03 2.109260049323690378e+00 3.178339465596939917e-01
4.097222222222222626e+03 2.508880509018556637e+00 2.988605096565084551e-01
4.100694444444445253e+03 2.204722135116338855e+00 3.038529278801572753e-01
4.104166666666666970e+03 1.710592885377704153e+00 3.009799013665983569e-01
4.107638888888889596e+03 1.790730112999651569e+00 3.119232892695436576e-01
4.111111111111112223e+03 1.700821743731122826e+00 3.070435891825365471e-01
4.114583333333333940e+03 1.874142652350010874e+00 3.155240634351506035e-01
4.118055555555555657e+03 1.922159124853256351e+00 3.146374145210312778e-01
4.121527777777778283e+03 1.639876791696297076e+00 3.196503523657850954e-01
4.125000000000000000e+03 1.636718335575815031e+00 3.126404136845073456e-01
4.128472222222222626e+03 1.861336619603769060e+00 3.182012869157139212e-01
4.131944444444445253e+03 2.596107349599913405e+00 3.187109227368891684e-01
4.135416666666666970e+03 2.228429286464280956e+00 3.221228828412663336e-01
4.138888888888889596e+03 1.503631539619321167e+00 3.111618827294707623e-01
4.142361111111112223e+03 1.884760857374628618e+00 3.105740822480647645e-01
4.145833333333333940e+03 2.605025836691043928e+00 3.153504014647095510e-01
4.149305555555555657e+03 2.431722819839880145e+00 3.123181941302086151e-01
4.152777777777778283e+03 2.194068146556278354e+00 3.034931915254187595e-01
4.156250000000000000e+03 2.129754510130247969e+00 2.995150128844489834e-01
4.159722222222222626e+03 2.298492889741618583e+00 2.965009768765395903e-01
4.163194444444445253e+03 2.029154691412993650e+00 2.926605648470207433e-01
4.166666666666666970e+03 1.518036089987876203e+00 2.965537575913162471e-01
4.170138888888889596e+03 2.291456952085370258e+00 2.966702218168245642e-01
4.173611111111112223e+03 2.918340322724437996e+00 2.907671685279556439e-01
4.177083333333333940e+03 2.241262156862103616e+00 2.815297047654247709e-01
4.180555555555555657e+03 1.972463507153814577e+00 2.729820245603091222e-01
4.184027777777778283e+03 2.554312180203872629e+00 2.755738707617791383e-01
4.187500000000000000e+03 2.273893945596335175e+00 2.688282270368037019e-01
4.190972222222222626e+03 1.950916227640427270e+00 2.644207577940803078e-01
4.194444444444445253e+03 2.524628060201659974e+00 2.632709321591413243e-01
4.197916666666666970e+03 1.832771294201857915e+00 2.552720819288644694e-01
4.201388888888889596e+03 2.200857513288620115e+00 2.540050093035793877e-01
4.204861111111112223e+03 2.532317606497462847e+00 2.528757592015194455e-01
4.208333333333333940e+03 2.215543858998779925e+00 2.502736811453840082e-01
4.211805555555555657e+03 2.720830303264626160e+00 2.528286255759296663e-01
4.215277777777778283e+03 2.443166841768365849e+00 2.488874046176583199e-01
4.218750000000000000e+03 2.338259579972303381e+00 2.467869110872237259e-01
4.222222222222222626e+03 2.482058512733948508e+00 2.467824940570676195e-01
4.225694444444445253e+03 2.610928442685721773e+00 2.490222079050805892e-01
4.229166666666666970e+03 2.343196589627790871e+00 2.472192768365542859e-01
4.232638888888889596e+03 1.974290144814571102e+00 2.467617507888661688e-01
4.236111111111112223e+03 2.595741127479375798e+00 2.536240264746723039e-01
4.239583333333333940e+03 2.560372457401589141e+00 2.556557485229296600e-01
4.243055555555555657e+03 2.151407462896736345e+00 2.538003162984974193e-01
4.246527777777778283e+03 2.238213846936653706e+00 2.579965508585658207e-01
4.250000000000000000e+03 2.156773315859785267e+00 2.583484036531522587e-01
4.253472222222222626e+03 2.231193564577163446e+00 2.631457456968690489e-01
4.256944444444445253e+03 2.111404824979233208e+00 2.643756929041333192e-01
4.260416666666666970e+03 1.794780361917473366e+00 2.660426465379806538e-01
4.263888888888889596e+03 2.141130319694299455e+00 2.713522522562567540e-01
4.267361111111112223e+03 2.332991013496235944e+00 2.748515465518216461e-01
4.270833333333333940e+03 2.130151483726556716e+00 2.725719676088554921e-01
4.274305555555555657e+03 2.456851807603894766e+00 2.736863451789974810e-01
4.277777777777778283e+03 2.457386883282298040e+00 2.746466858114171572e-01
4.281250000000000000e+03 2.174443672955147733e+00 2.715070160470425820e-01
4.284722222222222626e+03 2.367755836413442783e+00 2.777587351593726606e-01
4.288194444444445253e+03 2.086021997760677760e+00 2.713931237631441729e-01
4.291666666666666970e+03 2.158512172035161214e+00 2.685277571626406568e-01
4.295138888888889596e+03 2.211793856308026385e+00 2.664568968724937981e-01
4.298611111111112223e+03 2.278111370718796547e+00 2.629114753632734724e-01
4.302083333333333940e+03 2.252252734302412129e+00 2.613588613075175093e-01
4.305555555555555657e+03 1.853062795268332952e+00 2.553355977042737202e-01
4.309027777777778283e+03 2.460559317346311836e+00 2.588083339071279299e-01
4.312500000000000000e+03 2.444747467622958581e+00 2.508192123255493233e-01
4.315972222222222626e+03 2.094418827999196875e+00 2.472659631679510195e-01
4.319444444444445253e+03 2.225682341001382181e+00 2.581242533506737935e-01
4.322916666666666970e+03 1.853194187937531545e+00 2.432572566983073892e-01
4.326388888888889596e+03 2.398077350640711813e+00 2.402715679598808052e-01
4.329861111111112223e+03 2.102722285574922800e+00 2.579226354931687393e-01
4.333333333333333940e+03 2.116231688439690561e+00 2.365140730913935507e-01
4.336805555555555657e+03 2.351889752269187284e+00 2.298778487083862621e-01
4.340277777777778283e+03 2.400714149908580453e+00 2.239172622039397598e-01
4.343750000000000000e+03 2.738056720873411898e+00 2.244494304700885567e-01
4.347222222222222626e+03 2.359678262405195515e+00 2.296469330812382914e-01
4.350694444444445253e+03 2.378468532336336594e+00 2.229699490148918106e-01
4.354166666666666970e+03 2.195733758307546246e+00 2.134590207651017313e-01
4.357638888888889596e+03 2.081732446449589879e+00 2.110265790316701029e-01
4.361111111111112223e+03 2.391651969557939239e+00 2.110656613617854505e-01
4.364583333333333940e+03 2.308261794917235044e+00 2.160231906383785205e-01
4.368055555555555657e+03 2.266589072306531172e+00 2.139779938525563086e-01
4.371527777777778283e+03 2.069546475278426279e+00 2.087647800328766567e-01
4.375000000000000000e+03 1.701627991514046423e+00 2.356008660845635427e-01
4.378472222222222626e+03 2.365991819939710084e+00 2.247804840846995000e-01
4.381944444444445253e+03 2.062024664305009747e+00 2.118492648761871044e-01
4.385416666666666970e+03 2.239718991896175737e+00 2.141346027318883904e-01
4.388888888888889596e+03 2.501724920165673272e+00 2.239632775940470222e-01
4.392361111111112223e+03 2.147657460205982360e+00 2.183288803798623112e-01
4.395833333333333940e+03 2.285320075757098390e+00 2.337215036208045438e-01
4.399305555555555657e+03 2.306396019014589793e+00 2.260291617362965022e-01
4.402777777777778283e+03 2.544816683603741136e+00 2.302640872440613884e-01
4.406250000000000000e+03 2.235307552917488394e+00 2.309649413327538037e-01
4.409722222222222626e+03 2.113792257734492086e+00 2.375457571476004281e-01
4.413194444444445253e+03 2.041372532295409492e+00 2.441173475197159215e-01
4.416666666666666970e+03 2.019130269429613822e+00 2.379527389514769775e-01
4.420138888888889596e+03 2.408639643891201221e+00 2.584068873688900592e-01
4.423611111111112223e+03 2.418804404427643551e+00 2.437459256041847044e-01
4.427083333333333940e+03 7.990621135360699290e-01 2.324636005264764105e-01
4.430555555555555657e+03 1.664896751500762884e+00 2.437287606895274794e-01
4.434027777777778283e+03 2.195401083251485197e+00 2.507861125552656167e-01
4.437500000000000000e+03 1.878178364206558149e+00 2.429886006236231244e-01
4.440972222222222626e+03 1.819872447910565683e+00 2.427787078235472129e-01
4.444444444444445253e+03 2.066791702167148692e+00 2.430243282472908384e-01
4.447916666666666970e+03 2.039226079286642790e+00 2.415796239156016156e-01
4.451388888888889596e+03 1.907184833506338606e+00 2.384844599234327012e-01
4.454861111111112223e+03 1.978052448095631188e+00 2.381727517826700002e-01
4.458333333333333940e+03 2.190307520628440585e+00 2.383315971329671989e-01
4.461805555555555657e+03 2.086128789249262372e+00 2.326019262556686673e-01
4.465277777777778283e+03 1.857389248350343136e+00 2.289637471131702462e-01
4.468750000000000000e+03 2.275812278566660574e+00 2.293963365095973150e-01
4.472222222222222626e+03 2.134884974524219103e+00 2.243150185650852335e-01
4.475694444444445253e+03 1.989286241753396078e+00 2.212517801959433539e-01
4.479166666666666970e+03 1.875425268448502214e+00 2.201587050117441158e-01
4.482638888888889596e+03 1.704434203457523056e+00 2.150578738580613825e-01
4.486111111111112223e+03 2.418621572926244134e+00 2.280698296684143533e-01
4.489583333333333940e+03 2.323351823636595537e+00 2.342210753226367514e-01
4.493055555555555657e+03 2.192876666649613338e+00 2.235535561132382110e-01
4.496527777777778283e+03 2.145514361903661626e+00 2.091403394196933441e-01
4.500000000000000000e+03 2.025431526373822511e+00 2.059938484188751084e-01
4.503472222222222626e+03 2.385655990900470425e+00 2.010953060639869283e-01
4.506944444444445253e+03 2.049145387134661878e+00 1.955192248302175806e-01
4.510416666666666970e+03 1.893119108488997560e+00 1.920891493110229442e-01
4.513888888888889596e+03 2.217494620798100780e+00 2.061894278047742834e-01
4.517361111111112223e+03 1.962517361654212866e+00 1.932730811281799244e-01
4.520833333333333940e+03 2.151257619342074712e+00 1.871211645326679718e-01
4.524305555555555657e+03 1.869145257978462205e+00 1.836697866275306401e-01
4.527777777777778283e+03 2.252372944616787720e+00 1.865679734394471434e-01
4.531250000000000000e+03 1.989870519793035308e+00 1.837169761648945465e-01
4.534722222222222626e+03 2.397285080801319967e+00 1.840317594532342449e-01
4.538194444444445253e+03 1.743499200922904002e+00 1.898556416699381799e-01
4.541666666666666970e+03 1.862822195442344952e+00 1.812525528966618116e-01
4.545138888888889596e+03 1.895243196788114703e+00 1.875308860134767830e-01
4.548611111111112223e+03 2.195882483626726778e+00 1.836999789855596754e-01
4.552083333333333940e+03 2.086376478408647817e+00 1.955123476819998762e-01
4.555555555555555657e+03 2.037354153088842157e+00 1.844215763424535415e-01
4.559027777777778283e+03 1.830269242309635835e+00 1.865946433557061357e-01
4.562500000000000000e+03 2.166113377727840739e+00 1.941836602816258972e-01
4.565972222222222626e+03 2.039543658163688544e+00 1.959267657518354022e-01
4.569444444444445253e+03 2.373387270303599639e+00 1.961419701704534557e-01
4.572916666666666970e+03 2.499779749543765028e+00 1.962872289596375719e-01
4.576388888888889596e+03 1.895835302476128970e+00 1.932914761018679761e-01
4.579861111111112223e+03 2.186798497684176557e+00 1.995155188860048556e-01
4.583333333333333940e+03 1.972854889572708936e+00 1.967800912485744569e-01
4.586805555555555657e+03 2.029814450347703136e+00 2.061620869472257922e-01
4.590277777777778283e+03 1.927470743395399255e+00 1.999103678348956303e-01
4.593750000000000000e+03 2.196329218702008479e+00 2.037721381621313277e-01
4.597222222222222626e+03 1.974018413592309784e+00 2.033432389427966558e-01
4.600694444444445253e+03 2.263234365858862063e+00 2.068476212098072087e-01
4.604166666666666970e+03 1.815430257456108754e+00 2.064730123231506564e-01
4.607638888888889596e+03 2.237778853333939555e+00 2.122205190563959676e-01
4.611111111111112223e+03 2.080018750572572905e+00 2.086711278112125256e-01
4.614583333333333940e+03 1.821857875009843974e+00 2.078846168845562281e-01
4.618055555555555657e+03 1.991969447793791925e+00 2.096925241009798824e-01
4.621527777777778283e+03 2.080876437187693551e+00 2.107772684308340805e-01
4.625000000000000000e+03 1.769405362347294952e+00 2.097822624984550521e-01
4.628472222222222626e+03 1.898610203826093912e+00 2.094286764388706146e-01
4.631944444444445253e+03 1.860588520065939999e+00 2.087389487932296006e-01
4.635416666666666970e+03 1.876215301816927417e+00 2.067649276958721527e-01
4.638888888888889596e+03 1.838455285159693142e+00 2.047309132648754970e-01
4.642361111111112223e+03 1.702542708138778282e+00 2.024583232936753574e-01
4.645833333333333940e+03 1.904772240452720977e+00 2.010903858278636491e-01
4.649305555555555657e+03 1.473280951269506867e+00 1.961427529352912646e-01
4.652777777777778283e+03 1.750934907764164050e+00 1.988022523834560296e-01
4.656250000000000000e+03 2.078991651281842490e+00 1.974833495435543984e-01
4.659722222222222626e+03 2.021493660121997493e+00 1.944792099196656632e-01
4.663194444444445253e+03 2.176159046185390800e+00 2.080264650555185280e-01
4.666666666666666970e+03 1.605666613578435653e+00 1.962286334203515725e-01
4.670138888888889596e+03 1.964219316058662512e+00 1.946708754813758768e-01
4.673611111111112223e+03 1.988913869337705531e+00 1.914500777327417247e-01
4.677083333333333940e+03 1.793124255167806158e+00 1.848323042351966428e-01
4.680555555555555657e+03 1.800750621158844655e+00 1.834856132435535303e-01
4.684027777777778283e+03 1.962675591974994083e+00 1.810508232156085862e-01
4.687500000000000000e+03 1.991680383921552666e+00 1.769805019708760307e-01
4.690972222222222626e+03 2.028733675753813248e+00 1.743698694132990168e-01
4.694444444444445253e+03 2.017861631274652456e+00 1.729116903440449660e-01
4.697916666666666970e+03 2.089493559816274715e+00 1.711847992883325509e-01
4.701388888888889596e+03 2.193739944442148371e+00 1.701016204881539429e-01
4.704861111111112223e+03 2.020669520571353406e+00 1.673747473521651208e-01
4.708333333333333940e+03 1.975275869392444372e+00 1.652822492054307757e-01
4.711805555555555657e+03 2.062092876669445740e+00 1.652533987299807938e-01
4.715277777777778283e+03 1.904321032435509986e+00 1.632513658337852724e-01
4.718750000000000000e+03 1.769843151538716519e+00 1.596935878224826633e-01
4.722222222222222626e+03 2.086141648957311023e+00 1.615033960392266710e-01
4.725694444444445253e+03 2.118522393825706729e+00 1.616783998922468046e-01
4.729166666666666970e+03 2.251122757347289394e+00 1.625203193870637941e-01
4.732638888888889596e+03 2.071980873923953137e+00 1.604244106221076327e-01
4.736111111111112223e+03 2.200577395300240990e+00 1.613612683093937072e-01
4.739583333333333940e+03 2.123356525816800566e+00 1.645761953217444173e-01
4.743055555555555657e+03 2.131730991345667903e+00 1.859885597241603683e-01
4.746527777777778283e+03 2.038036835850942197e+00 1.792404558811232784e-01
4.750000000000000000e+03 1.995750201960318826e+00 1.674795260168806810e-01
4.753472222222222626e+03 1.980817844443995002e+00 1.626672555294717548e-01
4.756944444444445253e+03 1.800083593693498463e+00 1.630317443850111403e-01
4.760416666666666970e+03 2.000321548613009703e+00 1.651851863655448560e-01
4.763888888888889596e+03 1.847487273152303988e+00 1.668563333824518158e-01
4.767361111111112223e+03 2.187573993991331012e+00 1.891923043816854944e-01
4.770833333333333940e+03 1.430351891094151506e+00 1.665693941576277259e-01
4.774305555555555657e+03 1.677718998661501315e+00 1.666039476340387404e-01
4.777777777777778283e+03 1.881015886743544696e+00 1.792799855054316438e-01
4.781250000000000000e+03 1.634727876416864678e+00 1.744929312281543743e-01
4.784722222222222626e+03 1.824191073344198832e+00 1.844087725461782956e-01
4.788194444444445253e+03 1.686134279785479695e+00 1.775256976803965825e-01
4.791666666666666970e+03 1.612249106746508120e+00 1.882173148644442628e-01
4.795138888888889596e+03 1.883470413627756468e+00 1.829136357942257596e-01
4.798611111111112223e+03 1.916717231877394401e+00 1.875317806018628464e-01
4.802083333333333940e+03 1.688758219345301459e+00 1.900197986387775206e-01
4.805555555555555657e+03 1.695375377813329809e+00 1.849323863108854882e-01
4.809027777777778283e+03 1.694231422914675322e+00 1.994643037009037334e-01
4.812500000000000000e+03 1.918451055993098509e+00 1.866562022190208781e-01
4.815972222222222626e+03 1.685231863751057713e+00 1.851274065790433909e-01
4.819444444444445253e+03 2.056204807736042639e+00 1.964480312220292513e-01
4.822916666666666970e+03 1.705068802093874014e+00 1.844518805240308312e-01
4.826388888888889596e+03 1.832842302154999325e+00 1.998318677040201441e-01
4.829861111111112223e+03 2.199741514277029353e+00 1.850688669515315465e-01
4.833333333333333940e+03 1.822004363858059861e+00 1.813672838571721291e-01
4.836805555555555657e+03 2.072151963952785003e+00 1.819508350437444022e-01
4.840277777777778283e+03 2.395197894273127126e+00 1.886300555810559720e-01
4.843750000000000000e+03 2.102616053204079183e+00 1.786558423708425880e-01
4.847222222222222626e+03 1.824151375984567336e+00 1.862559857398138063e-01
4.850694444444445253e+03 1.880730736695493954e+00 1.748589856133693499e-01
4.854166666666666970e+03 1.984806031292535522e+00 1.911384814155273060e-01
4.857638888888889596e+03 2.078325742051981617e+00 1.882563971945596104e-01
4.861111111111112223e+03 2.194452819562277224e+00 1.835863103487577752e-01
4.864583333333333940e+03 2.150620225117016560e+00 1.827135275546221960e-01
4.868055555555555657e+03 2.122500516554903793e+00 1.823621220542287757e-01
4.871527777777778283e+03 1.994487154982769850e+00 1.685400046367634130e-01
4.875000000000000000e+03 1.765809676153133889e+00 1.633710170304188691e-01
4.878472222222222626e+03 1.761830435188455501e+00 1.599380340989695892e-01
4.881944444444445253e+03 1.870899210332853446e+00 1.596698812302524695e-01
4.885416666666666970e+03 2.135973576766488247e+00 1.583230225032869476e-01
4.888888888888889596e+03 2.074419745511408841e+00 1.579162084347327799e-01
4.892361111111112223e+03 1.987045856964095636e+00 1.559381057778639890e-01
4.895833333333333940e+03 1.774223279923891949e+00 1.604597468633564561e-01
4.899305555555555657e+03 2.005055598528414418e+00 1.520552567117821330e-01
4.902777777777778283e+03 2.145949914624118549e+00 1.497909416831529616e-01
4.906250000000000000e+03 1.703101266762314214e+00 1.486303250758072569e-01
4.909722222222222626e+03 1.827789555127067089e+00 1.458245045147499308e-01
4.913194444444445253e+03 1.756105069517764683e+00 1.441964095639214072e-01
4.916666666666666970e+03 1.829179521831885369e+00 1.446122254281101416e-01
4.920138888888889596e+03 1.851056680812624755e+00 1.422912158605153243e-01
4.923611111111112223e+03 2.045364632968136753e+00 1.472876597319013603e-01
4.927083333333333940e+03 2.033116040609951547e+00 1.413634158806379437e-01
4.930555555555555657e+03 1.962728708160417002e+00 1.393972224316583908e-01
4.934027777777778283e+03 1.962356335744724456e+00 1.395070331560454568e-01
4.937500000000000000e+03 1.863621733812374615e+00 1.387480867340341872e-01
4.940972222222222626e+03 1.894506838722851194e+00 1.399187115489487487e-01
4.944444444444445253e+03 1.843458270708652424e+00 1.391767623062723225e-01
4.947916666666666970e+03 1.930248440334073168e+00 1.413648695867652794e-01
4.951388888888889596e+03 1.967253088922839899e+00 1.429624926206941593e-01
4.954861111111112223e+03 1.843761312524425655e+00 1.425042397199423883e-01
4.958333333333333940e+03 1.881128828527284025e+00 1.440385706255585263e-01
4.961805555555555657e+03 1.948456109578802886e+00 1.507015767483730340e-01
4.965277777777778283e+03 1.901092686597369630e+00 1.467947974429644475e-01
4.968750000000000000e+03 2.194824073742486448e+00 1.488246744026756052e-01
4.972222222222222626e+03 1.804806461254076844e+00 1.498294648955270092e-01
4.975694444444445253e+03 1.865968910090261446e+00 1.513537875935742627e-01
4.979166666666666970e+03 2.005550976847186195e+00 1.526859415239441575e-01
4.982638888888889596e+03 1.808940577833088703e+00 1.538005986529567548e-01
4.986111111111112223e+03 1.602697698372248514e+00 1.544968679761707098e-01
4.989583333333333940e+03 1.900354092061139699e+00 1.548501185651103840e-01
4.993055555555555657e+03 1.603429583495582955e+00 1.541826997173463831e-01
4.996527777777778283e+03 1.642389466825601607e+00 1.559874758744188850e-01
5.000000000000000000e+03 1.768105972716564445e+00 1.594164331581309491e-01
5.003472222222222626e+03 1.945431841716228405e+00 1.614132103475584834e-01
5.006944444444445253e+03 1.904066074745487835e+00 1.637943250723407351e-01
5.010416666666666970e+03 1.542523210584905380e+00 1.623912750123767401e-01
5.013888888888889596e+03 1.777196668072008379e+00 1.665772777177797481e-01
5.017361111111112223e+03 1.938811328541750312e+00 1.692894460571729431e-01
5.020833333333333940e+03 1.732541052311586949e+00 1.690296240428008634e-01
5.024305555555555657e+03 1.842311520221290744e+00 1.708982514459273794e-01
5.027777777777778283e+03 2.124570929550857912e+00 2.260322368838735552e-01
5.031250000000000000e+03 2.105578818115113382e+00 2.040703156535551011e-01
5.034722222222222626e+03 1.591519257370869189e+00 1.716060945063858367e-01
5.038194444444445253e+03 1.665763383999743663e+00 1.838274578305711393e-01
5.041666666666666970e+03 1.955992457613494162e+00 1.725579365491381190e-01
5.045138888888889596e+03 1.586824345697354977e+00 1.703914112134585213e-01
5.048611111111112223e+03 1.639768881972229586e+00 1.730572286920997460e-01
5.052083333333333940e+03 1.888675799799059529e+00 1.995558312751510299e-01
5.055555555555555657e+03 1.748974081845499962e+00 1.705486910340801299e-01
5.059027777777778283e+03 2.005795870417866666e+00 1.865033394285553758e-01
5.062500000000000000e+03 1.923497652725877582e+00 1.668010366378393505e-01
5.065972222222222626e+03 1.822337598031861461e+00 1.947833699709211053e-01
5.069444444444445253e+03 1.650726471465804090e+00 1.755208132837205448e-01
5.072916666666666970e+03 1.956140064697191372e+00 1.909006886401616310e-01
5.076388888888889596e+03 2.049653625161484083e+00 1.753333970168440559e-01
5.079861111111112223e+03 1.447224946290452285e+00 1.821940512612004459e-01
5.083333333333333940e+03 1.831258880711699399e+00 1.616338941200410606e-01
5.086805555555555657e+03 1.818918033926202327e+00 1.579642925604827497e-01
5.090277777777778283e+03 1.934620181953127238e+00 1.755038720161598287e-01
5.093750000000000000e+03 1.628551302728961314e+00 1.515772110429891295e-01
5.097222222222222626e+03 2.278290288396007224e+00 1.764142834342834198e-01
5.100694444444445253e+03 1.869079282084992633e+00 1.519014434211564402e-01
5.104166666666666970e+03 2.002533418397507425e+00 1.528768802325907172e-01
5.107638888888889596e+03 1.895062042639941158e+00 1.480769103354898919e-01
5.111111111111112223e+03 2.083923628877660139e+00 1.601095714219937793e-01
5.114583333333333940e+03 1.849955218862306960e+00 1.456692375179969579e-01
5.118055555555555657e+03 1.893023499355239947e+00 1.618342260067411054e-01
5.121527777777778283e+03 1.847463231089428337e+00 1.428384243939044840e-01
5.125000000000000000e+03 1.915931671450898488e+00 1.402238221003643537e-01
5.128472222222222626e+03 1.947371421160722482e+00 1.395839118454712535e-01
5.131944444444445253e+03 1.971431934921155094e+00 1.497348062619285602e-01
5.135416666666666970e+03 1.992555962304393580e+00 1.403094789383282082e-01
5.138888888888889596e+03 1.878986289342703619e+00 1.532221354378301426e-01
5.142361111111112223e+03 1.957871652341930835e+00 1.374427145434715392e-01
5.145833333333333940e+03 1.644127763883236781e+00 1.344961081351603305e-01
5.149305555555555657e+03 1.859611182254184536e+00 1.372418235390302221e-01
5.152777777777778283e+03 1.794161977695619026e+00 1.345967493285904482e-01
5.156250000000000000e+03 2.010717783894341082e+00 1.374164919214055924e-01
5.159722222222222626e+03 1.990153433370121405e+00 1.458430672237603642e-01
5.163194444444445253e+03 1.984637736852408851e+00 1.374892890513200183e-01
5.166666666666666970e+03 1.721914460520849621e+00 1.502678132046892656e-01
5.170138888888889596e+03 1.713978343301144402e+00 1.358671766603231634e-01
5.173611111111112223e+03 1.640421931494043584e+00 1.362076234529875918e-01
5.177083333333333940e+03 1.890631593658050003e+00 1.402262263066518522e-01
5.180555555555555657e+03 1.644405086282910489e+00 1.416002581558434836e-01
5.184027777777778283e+03 2.035875286663161976e+00 1.522247812109377429e-01
5.187500000000000000e+03 1.871638923104564922e+00 1.525548843253884956e-01
5.190972222222222626e+03 1.891927069464593991e+00 1.526502698120505985e-01
5.194444444444445253e+03 1.670370514187879296e+00 1.591406762881324710e-01
5.197916666666666970e+03 1.481380330869665141e+00 1.554511142252105460e-01
5.201388888888889596e+03 1.794904486056037474e+00 1.464382480593512115e-01
5.204861111111112223e+03 1.927052523324924049e+00 1.536297881829961909e-01
5.208333333333333940e+03 1.954383875871835485e+00 1.504368904096518578e-01
5.211805555555555657e+03 1.507359736718163923e+00 1.473666071569698643e-01
5.215277777777778283e+03 1.726384047744629724e+00 1.496263374201205754e-01
5.218750000000000000e+03 1.449245597807431229e+00 1.521016634843082582e-01
5.222222222222222626e+03 1.402453593157584555e+00 1.537201975217609151e-01
5.225694444444445253e+03 1.644825542824352116e+00 1.788821732325120983e-01
5.229166666666666970e+03 1.455565864754841288e+00 1.655318393651374342e-01
5.232638888888889596e+03 1.501480613668623176e+00 1.555802704234458544e-01
5.236111111111112223e+03 1.779680269078767418e+00 1.631943358241748909e-01
5.239583333333333940e+03 1.507823245325685013e+00 1.573682171365058668e-01
5.243055555555555657e+03 1.495493580895014718e+00 1.583668014224290377e-01
5.246527777777778283e+03 1.479967999455197303e+00 1.639894571640468923e-01
5.250000000000000000e+03 1.710810941296802001e+00 1.654222522878468771e-01
5.253472222222222626e+03 1.844380814981761318e+00 1.631732011735545496e-01
5.256944444444445253e+03 1.841892181915332438e+00 1.805402928060472478e-01
5.260416666666666970e+03 1.705790623097863001e+00 1.651779737466823605e-01
5.263888888888889596e+03 1.799552431839283928e+00 1.605148199608723847e-01
5.267361111111112223e+03 1.722629572111944896e+00 1.684454578267132185e-01
5.270833333333333940e+03 1.366265815588823429e+00 1.569453004770028637e-01
5.274305555555555657e+03 1.108521482743349829e+00 1.479050934535950657e-01
5.277777777777778283e+03 9.035176641089543992e-01 1.523533223796576519e-01
5.281250000000000000e+03 7.814004227656975443e-01 1.409284781896975036e-01
5.284722222222222626e+03 8.734376887459183170e-01 1.428409963355143364e-01
5.288194444444445253e+03 1.044099377475510959e+00 1.442673056935155351e-01
5.291666666666666970e+03 1.415638148614670078e+00 1.912089302509283884e-01
5.295138888888889596e+03 1.061580752774322622e+00 1.666898840308732033e-01
5.298611111111112223e+03 9.882467580047004096e-01 1.732259704264175471e-01
5.302083333333333940e+03 1.202345353554050034e+00 1.582030358360086153e-01
5.305555555555555657e+03 1.240271428180446334e+00 1.575471348137149619e-01
5.309027777777778283e+03 1.244176865603276116e+00 1.535872393228848998e-01
5.312500000000000000e+03 1.596844853856547841e+00 1.542751218799797153e-01
5.315972222222222626e+03 1.478127942968649355e+00 1.567144966734031752e-01
5.319444444444445253e+03 1.219700927361073717e+00 1.517685411340545520e-01
5.322916666666666970e+03 1.579707335968622006e+00 1.507099076027181017e-01
5.326388888888889596e+03 1.771202925885505985e+00 1.473640352153599842e-01
5.329861111111112223e+03 1.665517372193581869e+00 1.447160535926655389e-01
5.333333333333333940e+03 1.660272847780391858e+00 1.462338905249139787e-01
5.336805555555555657e+03 1.832807077737298895e+00 1.464821388020415838e-01
5.340277777777778283e+03 1.734293327312754318e+00 1.476381147321346454e-01
5.343750000000000000e+03 1.719212244477252183e+00 1.418038329254429353e-01
5.347222222222222626e+03 1.660779967571730742e+00 1.487915746323919541e-01
5.350694444444445253e+03 1.716122000721206131e+00 1.364370294622340996e-01
5.354166666666666970e+03 2.020378779345890052e+00 1.482311709203086025e-01
5.357638888888889596e+03 1.984251945610926882e+00 2.073794540053111868e-01
5.361111111111112223e+03 1.925678211916863614e+00 1.488279731973491948e-01
5.364583333333333940e+03 2.057015528460897524e+00 1.600408558515906687e-01
5.368055555555555657e+03 2.076987773297100937e+00 1.386068535925872591e-01
5.371527777777778283e+03 1.976897310842151922e+00 1.429169804365540974e-01
5.375000000000000000e+03 1.966710744713800585e+00 1.364738194096102308e-01
5.378472222222222626e+03 1.789018094475858245e+00 1.343374305201855134e-01
5.381944444444445253e+03 2.082041638560516272e+00 1.723985320810996480e-01
5.385416666666666970e+03 1.644567230427880444e+00 1.348235274844529485e-01
5.388888888888889596e+03 1.819180260146862738e+00 1.468299659488908615e-01
5.392361111111112223e+03 1.535757326797694944e+00 1.289246675786435981e-01
5.395833333333333940e+03 1.643030774874848277e+00 1.363428740346028234e-01
5.399305555555555657e+03 1.876281836828141536e+00 1.519370592212758719e-01
5.402777777777778283e+03 1.800934011777984622e+00 1.471683440059125547e-01
5.406250000000000000e+03 1.613067096001997269e+00 1.357710643205974066e-01
5.409722222222222626e+03 1.718213660191328263e+00 1.432408214323025175e-01
5.413194444444445253e+03 1.974617787810960534e+00 1.580104756859123383e-01
5.416666666666666970e+03 1.631188661114572502e+00 1.334686733737871500e-01
5.420138888888889596e+03 1.819076823364726092e+00 1.359321461418597499e-01
5.423611111111112223e+03 1.855539686862194282e+00 1.557362083614883819e-01
5.427083333333333940e+03 1.836337347155729161e+00 1.422146167299601915e-01
5.430555555555555657e+03 1.686825908431441867e+00 1.641514894854693429e-01
5.434027777777778283e+03 1.615952143546994346e+00 1.381113634502663390e-01
5.437500000000000000e+03 1.807820664997307869e+00 1.413004592229699929e-01
5.440972222222222626e+03 1.744514558741063315e+00 1.410059719086386998e-01
5.444444444444445253e+03 1.840585523753963670e+00 1.553121175547287625e-01
5.447916666666666970e+03 1.610647793535485928e+00 1.388214429816899131e-01
5.451388888888889596e+03 1.802869118280549410e+00 1.610415088731566025e-01
5.454861111111112223e+03 1.564910284945691066e+00 1.663526801211082373e-01
5.458333333333333940e+03 1.473891507842982396e+00 1.702657215452191564e-01
5.461805555555555657e+03 1.579178969703114666e+00 1.468654140136879116e-01
5.465277777777778283e+03 1.486201044034967556e+00 1.719523561235594966e-01
5.468750000000000000e+03 3.283632630458033663e+00 1.585527080714041470e-01
5.472222222222222626e+03 2.083214108463979031e+00 1.849591121389186077e-01
5.475694444444445253e+03 1.458907711494463522e+00 1.553534922675833541e-01
5.479166666666666970e+03 1.516590770626670581e+00 1.800819280817472501e-01
5.482638888888889596e+03 1.725977569146720070e+00 1.576719858053424184e-01
5.486111111111112223e+03 1.736736671842141089e+00 1.531968074041502037e-01
5.489583333333333940e+03 1.648639284937611027e+00 1.569436231237790469e-01
5.493055555555555657e+03 1.883341816547263070e+00 1.653273700071519192e-01
5.496527777777778283e+03 1.880564678726333705e+00 1.841932326569154788e-01
5.500000000000000000e+03 1.627821654076593294e+00 1.864564853618362328e-01
5.503472222222222626e+03 1.688270109557164389e+00 1.563886987655602467e-01
5.506944444444445253e+03 1.818805651260205547e+00 1.850935240439219309e-01
5.510416666666666970e+03 1.690339963435377291e+00 1.561384376645640615e-01
5.513888888888889596e+03 1.631313903488617933e+00 1.549904012063971770e-01
5.517361111111112223e+03 1.959598207926996905e+00 1.605076073420098892e-01
5.520833333333333940e+03 1.671414387010845104e+00 1.686627309809740349e-01
5.524305555555555657e+03 1.635111990305122776e+00 1.530016753124440743e-01
5.527777777777778283e+03 1.776185783195778356e+00 1.526305329557834656e-01
5.531250000000000000e+03 1.239017327086757714e+00 1.705859282756492512e-01
5.534722222222222626e+03 1.308420612311642861e+00 1.577076016054618224e-01
5.538194444444445253e+03 1.638680279729960443e+00 1.591864680311431690e-01
5.541666666666666970e+03 2.171391449205509083e+00 1.773185445572529606e-01
5.545138888888889596e+03 1.532686652162593255e+00 1.822217835011678833e-01
5.548611111111112223e+03 1.237738624812454891e+00 1.797453392014976559e-01
5.552083333333333940e+03 1.435514784317117654e+00 2.074458771929750811e-01
5.555555555555555657e+03 1.469727758023680719e+00 1.767334278410051529e-01
5.559027777777778283e+03 2.072543346371681139e+00 1.731109039952624384e-01
5.562500000000000000e+03 1.793687845851013929e+00 1.671867160557732046e-01
5.565972222222222626e+03 1.903003751037058988e+00 1.846067561383649414e-01
5.569444444444445253e+03 1.714252310994372142e+00 1.676531320755476340e-01
5.572916666666666970e+03 1.819786902896149527e+00 1.857273958272092351e-01
5.576388888888889596e+03 1.702134552187644756e+00 1.704449187812988598e-01
5.579861111111112223e+03 1.659431375579767831e+00 1.522189663864284559e-01
5.583333333333333940e+03 1.600990152790384480e+00 1.500168811624035259e-01
5.586805555555555657e+03 1.229039870993645867e+00 1.420736072356097446e-01
5.590277777777778283e+03 1.795353457602283820e+00 1.612573842330641827e-01
5.593750000000000000e+03 1.575627453810516165e+00 1.425498637276306768e-01
5.597222222222222626e+03 1.682588914188034135e+00 1.552271875698285342e-01
5.600694444444445253e+03 1.486542664974888961e+00 1.444789317585893629e-01
5.604166666666666970e+03 1.624758807089870638e+00 1.373215537289365074e-01
5.607638888888889596e+03 1.602670860720667889e+00 1.392949597967785835e-01
5.611111111111112223e+03 1.890691419256368411e+00 1.391114573540910004e-01
5.614583333333333940e+03 1.512055766627163456e+00 1.390979826165262001e-01
5.618055555555555657e+03 1.605965741570022143e+00 1.325395315113307437e-01
5.621527777777778283e+03 1.783988271275318338e+00 1.428598386033954615e-01
5.625000000000000000e+03 1.564510515760677123e+00 1.391456194480831243e-01
5.628472222222222626e+03 1.642246332683833687e+00 1.409649326664288438e-01
5.631944444444445253e+03 1.573565986698420627e+00 1.325367359226243547e-01
5.635416666666666970e+03 1.522607995758309629e+00 1.286455560021974309e-01
5.638888888888889596e+03 1.708710895060560286e+00 1.308201326333514325e-01
5.642361111111112223e+03 1.600669219206890759e+00 1.305509733527000504e-01
5.645833333333333940e+03 1.547682749101422006e+00 1.306523413991938221e-01
5.649305555555555657e+03 1.382904041333785417e+00 1.287478745488513932e-01
5.652777777777778283e+03 1.470460202264757488e+00 1.351767221616184678e-01
5.656250000000000000e+03 1.386755803453451952e+00 1.341583451076540368e-01
5.659722222222222626e+03 1.773945957524216466e+00 1.298261331129067220e-01
5.663194444444445253e+03 1.420831793313405589e+00 1.250567469562538503e-01
5.666666666666666970e+03 1.644612518964924330e+00 1.273827885835202012e-01
5.670138888888889596e+03 1.406496014427027319e+00 1.252017261865673581e-01
5.673611111111112223e+03 1.620388183706297891e+00 1.266059503937880248e-01
5.677083333333333940e+03 1.437909485603013016e+00 1.255615184530799733e-01
5.680555555555555657e+03 1.516675756523345964e+00 1.266218293376403237e-01
5.684027777777778283e+03 1.432305448482177335e+00 1.262302232716489281e-01
5.687500000000000000e+03 1.607950609551560106e+00 1.322794299380880279e-01
5.690972222222222626e+03 1.554677871162555292e+00 1.328442506803274581e-01
5.694444444444445253e+03 1.400798045525659896e+00 1.272766680362255598e-01
5.697916666666666970e+03 1.573253439881046711e+00 1.314564645347003624e-01
5.701388888888889596e+03 1.453976293016386423e+00 1.299353288077784163e-01
5.704861111111112223e+03 1.590757179889508155e+00 1.308723542303868725e-01
5.708333333333333940e+03 1.551113495561906142e+00 1.306178438345569348e-01
5.711805555555555657e+03 1.780495462745551372e+00 1.342142009700077743e-01
5.715277777777778283e+03 1.387428981213951085e+00 1.281663920979218552e-01
5.718750000000000000e+03 1.455009542602270001e+00 1.309301110930609358e-01
5.722222222222222626e+03 1.471586824513434033e+00 1.355472494887637047e-01
5.725694444444445253e+03 1.541238917133186392e+00 1.364725334388052769e-01
5.729166666666666970e+03 1.413751126237854372e+00 1.369713782875738584e-01
5.732638888888889596e+03 1.816147046400427900e+00 1.398636384514328201e-01
5.736111111111112223e+03 1.515824779321119253e+00 1.364006868090510138e-01
5.739583333333333940e+03 1.480300115393515803e+00 1.371342492856082729e-01
5.743055555555555657e+03 1.483166712053049618e+00 1.386638836021976684e-01
5.746527777777778283e+03 1.315841222973891389e+00 1.381247263642828849e-01
5.750000000000000000e+03 1.712086288864658856e+00 2.022792378811438807e-01
5.753472222222222626e+03 1.578859154355102268e+00 1.625605199526617139e-01
5.756944444444445253e+03 1.268952490954804002e+00 1.674276398904900320e-01
5.760416666666666970e+03 1.333528353601493022e+00 1.556110778109902892e-01
5.763888888888889596e+03 1.247945878297231914e+00 1.683674609018048773e-01
5.767361111111112223e+03 1.253963103428870740e+00 1.475725861328568145e-01
5.770833333333333940e+03 1.197587820693513994e+00 1.597657699228817174e-01
5.774305555555555657e+03 1.510065307468211326e+00 1.458132662481502750e-01
5.777777777777778283e+03 1.212977536522199751e+00 1.484673981659987430e-01
5.781250000000000000e+03 1.565289925892018097e+00 1.474451072878453506e-01
5.784722222222222626e+03 1.188073314090178689e+00 1.445162808237067942e-01
5.788194444444445253e+03 1.495874340076824849e+00 1.484474935744092283e-01
5.791666666666666970e+03 1.127847946588377281e+00 1.510146267717147883e-01
5.795138888888889596e+03 1.801081618861681610e+00 2.002654635123815585e-01
5.798611111111112223e+03 1.599324541039116365e+00 1.632751283377896212e-01
5.802083333333333940e+03 1.534508816881420712e+00 1.678477609612866461e-01
5.805555555555555657e+03 1.411896532690033901e+00 1.565225515528222977e-01
5.809027777777778283e+03 1.445151178588050644e+00 1.747825542181365710e-01
5.812500000000000000e+03 1.293958472815737615e+00 1.482830011349251242e-01
5.815972222222222626e+03 1.437175923126454702e+00 1.934780536921325844e-01
5.819444444444445253e+03 1.359674376536892604e+00 2.143310767061736011e-01
5.822916666666666970e+03 1.286979565169100947e+00 1.922280341579565011e-01
5.826388888888889596e+03 1.570250418492640465e+00 1.850383391228577479e-01
5.829861111111112223e+03 1.582856287087503144e+00 1.782589805980832054e-01
5.833333333333333940e+03 1.786400305211191641e+00 2.122585390628028978e-01
5.836805555555555657e+03 1.769578129729350913e+00 1.720342109608826719e-01
5.840277777777778283e+03 1.412041903302768242e+00 1.666771920581462396e-01
5.843750000000000000e+03 1.113722395972719825e+00 1.844699959388482746e-01
5.847222222222222626e+03 1.471838986614748990e+00 1.618937161344131126e-01
5.850694444444445253e+03 1.373614859180186221e+00 1.667126401229432620e-01
5.854166666666666970e+03 1.279986120461189536e+00 1.948569498656733401e-01
5.857638888888889596e+03 1.802779659441942961e+00 1.628235848499332006e-01
5.861111111111112223e+03 1.663101983551258822e+00 1.524026924762125201e-01
5.864583333333333940e+03 1.357416099979867674e+00 1.529921703108423070e-01
5.868055555555555657e+03 1.567969777225965977e+00 1.632872611927753681e-01
5.871527777777778283e+03 1.704149612527213087e+00 1.554888546727468124e-01
5.875000000000000000e+03 1.590831542549097311e+00 1.476954802123897903e-01
5.878472222222222626e+03 1.597407326304272290e+00 1.743218411993231742e-01
5.881944444444445253e+03 1.584466546182385693e+00 1.408675343558981607e-01
5.885416666666666970e+03 1.602505920986990962e+00 1.468782178099631852e-01
5.888888888888889596e+03 1.550175295992039404e+00 1.375167417324167918e-01
5.892361111111112223e+03 1.529598644877511848e+00 1.373744462672614464e-01
5.895833333333333940e+03 1.509158418491858500e+00 1.349758311571771785e-01
5.899305555555555657e+03 1.757703587140079904e+00 1.614264055262526198e-01
5.902777777777778283e+03 1.477932810876941838e+00 1.366850540922651958e-01
5.906250000000000000e+03 1.411880318275537283e+00 1.615120623642165021e-01
5.909722222222222626e+03 1.648900952040530665e+00 1.320021075384139597e-01
5.913194444444445253e+03 1.389757706606374654e+00 1.282534467302388903e-01
5.916666666666666970e+03 1.782759330479988691e+00 1.347804195066003574e-01
5.920138888888889596e+03 1.349075740633219445e+00 1.262541535109756585e-01
5.923611111111112223e+03 1.432634768831790639e+00 1.263129167855839841e-01
5.927083333333333940e+03 1.275619970019547855e+00 1.245017666862609368e-01
5.930555555555555657e+03 1.564102918927284369e+00 1.404570301102515684e-01
5.934027777777778283e+03 1.552088596902695183e+00 1.263650265590711419e-01
5.937500000000000000e+03 1.340551990667431026e+00 1.489198921540153264e-01
5.940972222222222626e+03 1.489483624294011932e+00 1.261494866698083250e-01
5.944444444444445253e+03 1.203097926033812159e+00 1.228439825833705368e-01
5.947916666666666970e+03 1.560333906233326573e+00 1.254031203969758201e-01
5.951388888888889596e+03 1.594083371332372545e+00 1.268139421935435551e-01
5.954861111111112223e+03 1.510102209239135629e+00 1.303502500835811151e-01
5.958333333333333940e+03 1.470420504905126213e+00 1.253442452988192124e-01
5.961805555555555657e+03 1.608302853728565518e+00 1.258217877616450708e-01
5.965277777777778283e+03 1.540860953540083456e+00 1.362869622604749864e-01
5.968750000000000000e+03 1.420239687625391323e+00 1.362805883182244271e-01
5.972222222222222626e+03 1.589219046983252115e+00 1.301609887281583444e-01
5.975694444444445253e+03 1.444315856682579780e+00 1.275263141077063456e-01
5.979166666666666970e+03 1.615696067621488874e+00 1.377347417397412344e-01
5.982638888888889596e+03 1.441117703202468237e+00 1.601908671415756547e-01
5.986111111111112223e+03 1.487779433418595643e+00 1.864893614850234305e-01
5.989583333333333940e+03 1.475642105490923894e+00 1.941579408655270955e-01
5.993055555555555657e+03 1.486588512629673398e+00 2.052625224132829940e-01
5.996527777777778283e+03 1.567359220652490448e+00 1.908413662478119499e-01
6.000000000000000000e+03 1.257151192789640826e+00 1.636696977278097875e-01
6.003472222222222626e+03 1.602254877121157328e+00 1.452142275001445659e-01
6.006944444444445253e+03 1.453296405842993577e+00 1.738667193579225834e-01
6.010416666666666970e+03 1.390717152650409849e+00 1.762427461112592020e-01
6.013888888888889596e+03 1.843671853685819206e+00 1.771217351123229311e-01
6.017361111111112223e+03 1.505688533789485417e+00 1.749756734859741203e-01
6.020833333333333940e+03 1.713980579772110824e+00 1.752887794210900296e-01
6.024305555555555657e+03 1.592010162747711455e+00 1.656531120032207205e-01
6.027777777777778283e+03 1.598927567442807840e+00 1.595848953335781417e-01
6.031250000000000000e+03 1.502079428769531155e+00 1.490776192688299806e-01
6.034722222222222626e+03 1.430392147571523553e+00 1.409252912185722240e-01
6.038194444444445253e+03 1.455156590568226438e+00 1.423811219933128758e-01
6.041666666666666970e+03 1.499288313005071593e+00 1.542407920506652097e-01
6.045138888888889596e+03 1.277462262977060226e+00 1.443631943861447553e-01
6.048611111111112223e+03 1.345856340678937446e+00 1.421330973632817796e-01
6.052083333333333940e+03 1.442488100786341931e+00 1.387974568305890555e-01
6.055555555555555657e+03 1.439868075050710683e+00 1.400149916239968872e-01
6.059027777777778283e+03 1.474446711760072359e+00 1.438934236599226646e-01
6.062500000000000000e+03 1.053107882522988703e+00 1.377871869838731278e-01
6.065972222222222626e+03 1.501264235102747202e+00 1.428080643005530392e-01
6.069444444444445253e+03 1.205702296472687562e+00 1.456058894779100887e-01
6.072916666666666970e+03 1.330160228328030714e+00 1.452483336823625626e-01
6.076388888888889596e+03 1.382931438103108812e+00 1.465324034869825154e-01
6.079861111111112223e+03 1.515188503331546199e+00 1.472093273363482280e-01
6.083333333333333940e+03 1.722833090969771996e+00 2.352737262941415886e-01
6.086805555555555657e+03 1.394301097372005360e+00 1.857401996234844810e-01
6.090277777777778283e+03 1.158862766814830358e+00 1.776709564695807264e-01
6.093750000000000000e+03 1.245445503758235484e+00 1.733919165720289868e-01
6.097222222222222626e+03 1.161544295502000335e+00 1.746592128444105774e-01
6.100694444444445253e+03 1.317188696730372977e+00 1.491325805427976547e-01
6.104166666666666970e+03 1.094380276830936305e+00 1.754277201797976860e-01
6.107638888888889596e+03 1.364857957116284659e+00 1.497353653796698603e-01
6.111111111111112223e+03 1.368680645113405703e+00 1.517823513422641712e-01
6.114583333333333940e+03 1.170395688464179962e+00 1.484576136055263673e-01
6.118055555555555657e+03 1.154886880556599715e+00 1.607178356127305363e-01
6.121527777777778283e+03 1.216806933932216506e+00 1.504572982072085174e-01
6.125000000000000000e+03 1.202227379710640864e+00 2.005290316156201624e-01
6.128472222222222626e+03 9.365493338517464350e-01 2.683650538999287072e-01
6.131944444444445253e+03 1.290453922813404875e+00 2.281621400074994033e-01
6.135416666666666970e+03 1.310788475945959153e+00 2.831235817104870156e-01
6.138888888888889596e+03 1.166241443646480969e+00 1.880170948012924725e-01
6.142361111111112223e+03 1.054274761249037295e+00 1.886431948479760090e-01
6.145833333333333940e+03 1.047499931577966503e+00 2.082536905055740739e-01
6.149305555555555657e+03 1.463869881448307986e+00 1.801420891507087840e-01
6.152777777777778283e+03 1.315110456086040269e+00 1.812174962142836521e-01
6.156250000000000000e+03 1.228384025883126673e+00 1.945081163068897445e-01
6.159722222222222626e+03 1.460255744368685882e+00 1.876357765017405976e-01
6.163194444444445253e+03 1.162232010323773990e+00 1.639760383382561915e-01
6.166666666666666970e+03 1.136430403917001009e+00 1.604905542509008631e-01
6.170138888888889596e+03 1.234127283321537760e+00 2.028435554174161937e-01
6.173611111111112223e+03 1.445047182688171672e+00 1.676306555423482392e-01
6.177083333333333940e+03 1.388817829683288041e+00 1.658283954151115180e-01
6.180555555555555657e+03 1.409908310002048193e+00 1.596216293691801458e-01
6.184027777777778283e+03 1.590908141679653109e+00 1.877276395466326575e-01
6.187500000000000000e+03 1.169405490944375625e+00 1.605671533814560237e-01
6.190972222222222626e+03 1.255090284795288058e+00 1.496948852552013043e-01
6.194444444444445253e+03 1.136913481645466240e+00 1.955078188282955154e-01
6.197916666666666970e+03 1.338151698204121276e+00 1.553672465640187905e-01
6.201388888888889596e+03 1.120859533940137709e+00 1.550921606353098114e-01
6.204861111111112223e+03 1.190708436004823234e+00 1.516271402572852700e-01
6.208333333333333940e+03 1.176449815366741314e+00 1.467134458116084450e-01
6.211805555555555657e+03 1.367371750481072290e+00 1.698107674391409194e-01
6.215277777777778283e+03 1.008911581987027350e+00 1.381991449356470558e-01
6.218750000000000000e+03 1.272051680594710188e+00 1.467329031090049141e-01
6.222222222222222626e+03 1.419031993304229911e+00 1.723178513910331999e-01
6.225694444444445253e+03 1.369710539992839538e+00 1.412157528851663568e-01
6.229166666666666970e+03 1.614064562052437868e+00 1.531672300756365956e-01
6.232638888888889596e+03 1.196787164088002786e+00 1.398712983644883334e-01
6.236111111111112223e+03 1.508412555424992085e+00 1.536723929548815815e-01
6.239583333333333940e+03 1.425679344130288850e+00 1.481587092610389400e-01
6.243055555555555657e+03 9.947490736886722695e-01 1.617939136175949311e-01
6.246527777777778283e+03 1.250239379271957052e+00 1.385189043718841884e-01
6.250000000000000000e+03 1.349814335169447377e+00 1.705855928050045156e-01
6.253472222222222626e+03 1.204533740393412877e+00 1.336357377548811620e-01
6.256944444444445253e+03 1.366437464735396068e+00 1.342291294136998825e-01
6.260416666666666970e+03 1.313290527838179456e+00 1.323110200904702716e-01
6.263888888888889596e+03 1.491740223497812989e+00 1.409647090193323626e-01
6.267361111111112223e+03 1.182112559850410305e+00 1.326388308221817802e-01
6.270833333333333940e+03 1.391691135755715569e+00 1.431153554111596338e-01
6.274305555555555657e+03 1.596385259073217266e+00 1.399838487658076613e-01
6.277777777777778283e+03 1.426311706295675164e+00 1.530316440233765729e-01
6.281250000000000000e+03 1.359587713286995347e+00 1.399694794398568254e-01
6.284722222222222626e+03 1.292704371722050993e+00 1.699503791391381302e-01
6.288194444444445253e+03 1.459479688943790876e+00 1.403905510108135746e-01
6.291666666666666970e+03 1.565467725333745674e+00 1.373719861491998206e-01
6.295138888888889596e+03 1.362398398172401048e+00 1.439874113522315313e-01
6.298611111111112223e+03 1.487137007133867650e+00 1.467391093159331195e-01
6.302083333333333940e+03 1.406847699486292180e+00 1.374108448322186593e-01
6.305555555555555657e+03 1.374552499632310409e+00 1.369121118069983600e-01
6.309027777777778283e+03 1.393919779072452458e+00 1.416074148629318519e-01
6.312500000000000000e+03 1.457506003317077914e+00 1.471741029186476868e-01
6.315972222222222626e+03 1.529261496879521509e+00 1.536124555330165564e-01
6.319444444444445253e+03 1.198913488858084575e+00 1.473091857649405645e-01
6.322916666666666970e+03 1.393829201998364908e+00 1.561627592863096547e-01
6.326388888888889596e+03 1.411436937906703326e+00 1.433986044588912712e-01
6.329861111111112223e+03 1.424637707778287465e+00 1.448094821672331889e-01
6.333333333333333940e+03 1.487627912510710138e+00 1.455444983499177281e-01
6.336805555555555657e+03 1.265844914548778011e+00 1.457973313925238212e-01
6.340277777777778283e+03 1.266977687092609717e+00 1.466735248048811890e-01
6.343750000000000000e+03 1.342937746069464033e+00 1.529247966230183053e-01
6.347222222222222626e+03 1.190138695026460525e+00 1.527893223943065371e-01
6.350694444444445253e+03 1.427806787135853739e+00 1.564273897132567315e-01
6.354166666666666970e+03 1.477501731098415982e+00 1.724376703229891505e-01
6.357638888888889596e+03 1.238562764363098978e+00 1.701242088449015921e-01
6.361111111111112223e+03 1.398449751012289966e+00 1.916279889980165019e-01
6.364583333333333940e+03 1.508750262540724751e+00 1.653736090443556628e-01
6.368055555555555657e+03 1.444044684578061233e+00 1.695777830763502136e-01
6.371527777777778283e+03 1.216025846447649661e+00 1.662297301298011065e-01
6.375000000000000000e+03 1.531501881668825948e+00 1.760442593131054112e-01
6.378472222222222626e+03 1.238133361937796995e+00 1.713215035760751459e-01
6.381944444444445253e+03 1.375374961829730402e+00 1.745013739060476687e-01
6.385416666666666970e+03 1.320788296748722557e+00 1.768585024797290906e-01
6.388888888888889596e+03 1.302576154562061550e+00 1.749803141632267356e-01
6.392361111111112223e+03 1.509832155370098183e+00 1.727061586623510614e-01
6.395833333333333940e+03 1.762944197729081397e+00 1.762986578853870390e-01
6.399305555555555657e+03 1.305301294433051540e+00 1.880565126020526112e-01
6.402777777777778283e+03 1.507914940635254109e+00 1.793379660152022159e-01
6.406250000000000000e+03 1.234981056112469888e+00 2.008282155189781981e-01
6.409722222222222626e+03 1.425360087900017225e+00 1.805226805971969772e-01
6.413194444444445253e+03 1.408926499248365438e+00 1.826644929287120911e-01
6.416666666666666970e+03 1.742847269636571328e+00 1.933821090877292370e-01
6.420138888888889596e+03 1.243563513441093615e+00 1.857251034444699911e-01
6.423611111111112223e+03 1.422486222709846926e+00 1.989567925271453486e-01
6.427083333333333940e+03 1.178791959584956306e+00 1.885434482429319270e-01
6.430555555555555657e+03 1.321305480659405118e+00 1.900072744013728832e-01
6.434027777777778283e+03 1.159399519846459281e+00 1.944234658808601801e-01
6.437500000000000000e+03 1.270310587948367820e+00 1.876457847093094822e-01
6.440972222222222626e+03 9.712339233730813426e-01 1.859660272791868185e-01
6.444444444444445253e+03 1.062572068529608282e+00 1.869788690675126541e-01
6.447916666666666970e+03 1.307518755394961651e+00 2.042171958841889068e-01
6.451388888888889596e+03 1.205319859937651339e+00 1.949481978810499727e-01
6.454861111111112223e+03 1.112702565212627448e+00 2.081270503371745184e-01
6.458333333333333940e+03 1.429685981864290634e+00 2.729533418201814388e-01
6.461805555555555657e+03 1.779734503499671439e+00 3.613688667194976389e-01
6.465277777777778283e+03 1.953950559622345207e+00 4.488062151304473280e-01
6.468750000000000000e+03 1.093732259368793924e+00 3.500543364598917573e-01
6.472222222222222626e+03 1.272172450026824553e+00 3.137697196983413872e-01
6.475694444444445253e+03 1.239136419165650205e+00 3.376278328364313297e-01
6.479166666666666970e+03 9.070433487619069535e-01 2.794095862022712429e-01
6.482638888888889596e+03 1.089720030457379751e+00 2.573266718927401664e-01
6.486111111111112223e+03 1.110582949855441370e+00 2.772627977228587226e-01
6.489583333333333940e+03 6.106871274685841122e-01 2.295598225371471290e-01
6.493055555555555657e+03 1.335376237736417782e+00 2.901752864870383308e-01
6.496527777777778283e+03 8.877975096951721268e-01 2.329425966954295768e-01
6.500000000000000000e+03 8.576586592339789927e-01 2.441316050221185030e-01
6.503472222222222626e+03 9.626200436273973926e-01 2.356369291788760201e-01
6.506944444444445253e+03 1.084945724064604544e+00 2.466210767651605129e-01
6.510416666666666970e+03 1.943665029653788512e+00 4.919826289945432585e-01
6.513888888888889596e+03 8.223549027259537958e-01 2.372518289510103795e-01
6.517361111111112223e+03 1.264782031722608391e+00 2.974159171483675701e-01
6.520833333333333940e+03 1.174394498549802712e+00 2.299079851546411424e-01
6.524305555555555657e+03 1.585125745999351077e+00 2.425125677786987011e-01
6.527777777777778283e+03 1.131461524550258835e+00 2.621781365338127223e-01
6.531250000000000000e+03 9.433444035850527820e-01 2.348919047886225686e-01
6.534722222222222626e+03 1.060020255158413249e+00 2.114723076950172365e-01
6.538194444444445253e+03 1.393630156082470650e+00 2.200012574558000977e-01
6.541666666666666970e+03 1.532488724482180542e+00 2.989269887559464767e-01
6.545138888888889596e+03 1.243725098468322576e+00 2.223379223201507326e-01
6.548611111111112223e+03 1.117677035756782011e+00 2.000144196465475643e-01
6.552083333333333940e+03 1.577128684945847903e+00 2.210382531305491172e-01
6.555555555555555657e+03 1.393509945768095060e+00 3.376319143959427560e-01
6.559027777777778283e+03 1.208608590491850876e+00 2.107139203907472391e-01
6.562500000000000000e+03 1.563489566765101646e+00 2.304546345702890575e-01
6.565972222222222626e+03 9.585090186111014932e-01 2.045943208006811842e-01
6.569444444444445253e+03 1.121735112322980621e+00 2.547878859649174155e-01
6.572916666666666970e+03 1.231814772343610809e+00 1.916216709675400975e-01
6.576388888888889596e+03 1.081251074030236126e+00 1.901555524263598973e-01
6.579861111111112223e+03 1.650994847981617442e+00 2.657915467603725324e-01
6.583333333333333940e+03 1.016712113154471409e+00 2.117057393520009601e-01
6.586805555555555657e+03 1.183506440379415103e+00 1.951339927064767721e-01
6.590277777777778283e+03 1.256262195581008489e+00 2.027108208656366872e-01
6.593750000000000000e+03 8.723740790666861811e-01 1.801088216451027513e-01
6.597222222222222626e+03 1.005515053532308967e+00 2.013719016105973425e-01
6.600694444444445253e+03 1.086362528421003670e+00 2.246635725649981652e-01
6.604166666666666970e+03 1.347688569517108137e+00 1.901616468097398482e-01
6.607638888888889596e+03 1.297745377277415679e+00 1.906323121243480023e-01
6.611111111111112223e+03 1.279596415395519271e+00 2.751776240185351829e-01
6.614583333333333940e+03 1.329834262684865154e+00 1.912475652868507181e-01
6.618055555555555657e+03 9.005949879399707259e-01 2.023347582728528549e-01
6.621527777777778283e+03 1.056362506894969133e+00 2.155180836709076342e-01
6.625000000000000000e+03 1.083798414459500314e+00 1.890913836293847405e-01
6.628472222222222626e+03 1.037925040258574017e+00 1.806483702654363699e-01
6.631944444444445253e+03 1.294532127618288841e+00 2.140337378913617916e-01
6.635416666666666970e+03 1.051652499042441402e+00 2.126031792385268959e-01
6.638888888888889596e+03 1.431503673641184804e+00 2.097392663441507710e-01
6.642361111111112223e+03 1.307837452507490728e+00 2.332523479240978526e-01
6.645833333333333940e+03 1.168221838686089642e+00 2.429453808222222788e-01
6.649305555555555657e+03 1.126306458975673497e+00 2.013589859907738144e-01
6.652777777777778283e+03 1.120492193584119001e+00 1.926675566143754570e-01
6.656250000000000000e+03 1.115120749443657688e+00 1.974589160982605784e-01
6.659722222222222626e+03 6.625134282609037584e-01 1.968933125911833393e-01
6.663194444444445253e+03 1.224469083458695762e+00 2.014381011511647002e-01
6.666666666666666970e+03 8.954795638132395652e-01 1.971883031114818330e-01
6.670138888888889596e+03 1.208233422487453135e+00 2.188512640855387048e-01
6.673611111111112223e+03 1.018300566657444950e+00 2.304033634734138081e-01
6.677083333333333940e+03 1.360326307823221503e+00 2.172558216108008700e-01
6.680555555555555657e+03 8.532039445421190083e-01 2.758268156279334860e-01
6.684027777777778283e+03 1.055878310931022357e+00 2.270751592066801161e-01
6.687500000000000000e+03 1.363751463106295025e+00 2.350928517048380129e-01
6.690972222222222626e+03 1.184364126994537525e+00 2.162283868494276895e-01
6.694444444444445253e+03 1.458048347526119226e+00 2.190219068201769148e-01
6.697916666666666970e+03 9.548951051785743438e-01 2.134584057355863040e-01
6.701388888888889596e+03 1.298846839227733474e+00 2.287576004019609144e-01
6.704861111111112223e+03 1.244182456780686730e+00 2.458697902562047843e-01
6.708333333333333940e+03 1.233755470023585987e+00 2.506806629492605021e-01
6.711805555555555657e+03 1.234911166394809801e+00 2.367666824869031073e-01
6.715277777777778283e+03 1.196377889901385938e+00 3.095148895989870419e-01
6.718750000000000000e+03 1.133366997812535582e+00 2.590461825942677043e-01
6.722222222222222626e+03 9.908306647342451923e-01 3.536553901843693670e-01
6.725694444444445253e+03 1.484214498700203944e+00 2.796198144729918900e-01
6.729166666666666970e+03 8.043703773717668648e-01 2.852123896801289082e-01
6.732638888888889596e+03 1.005601045840917029e+00 2.648021879171804094e-01
6.736111111111112223e+03 1.574467843615103835e+00 3.508418537984823171e-01
6.739583333333333940e+03 1.140845756719875093e+00 2.721225487684159616e-01
6.743055555555555657e+03 1.070414813086520534e+00 3.131725819506561148e-01
6.746527777777778283e+03 9.075383356982614780e-01 2.811079063414043122e-01
6.750000000000000000e+03 1.428116538364520682e+00 3.991445386734891465e-01
6.753472222222222626e+03 9.044549690904348793e-01 3.037673828657417308e-01
6.756944444444445253e+03 7.642447894629579297e-01 2.919379051664184321e-01
6.760416666666666970e+03 1.814910837074459771e+00 3.373517964075622433e-01
6.763888888888889596e+03 1.342157217702639960e+00 3.296097489558545424e-01
6.767361111111112223e+03 1.012004621331778820e+00 3.369128889806586868e-01
6.770833333333333940e+03 1.460672287085938992e+00 2.926341744896324149e-01
6.774305555555555657e+03 4.075324398016791361e-01 2.916802637112373420e-01
6.777777777777778283e+03 1.144921725053794193e+00 2.939902027475548851e-01
6.781250000000000000e+03 9.946813086184284058e-01 2.956055498138822624e-01
6.784722222222222626e+03 1.159333543952987711e+00 2.990190754479350455e-01
6.788194444444445253e+03 7.433670534447515132e-01 2.996542332020273314e-01
6.791666666666666970e+03 1.128604432892327925e+00 3.067411064845049218e-01
6.795138888888889596e+03 1.108986109586350022e+00 3.130819489647948539e-01
6.798611111111112223e+03 1.712424555098132517e+00 5.475364559444153567e-01
6.802083333333333940e+03 1.078081994672671629e+00 3.616488169725557422e-01
6.805555555555555657e+03 5.410306178186741199e-01 4.036146850150098553e-01
6.809027777777778283e+03 1.193859064476928467e+00 3.341734356954911278e-01
6.812500000000000000e+03 8.113179185131184079e-01 3.837773552897751350e-01
6.815972222222222626e+03 8.399180769503129529e-01 3.564955405747410877e-01
6.819444444444445253e+03 9.007508699662388763e-01 3.438820679785972723e-01
6.822916666666666970e+03 8.313586552726300871e-01 3.375188048768821281e-01
6.826388888888889596e+03 7.059705192311209743e-01 3.469676151456161373e-01
6.829861111111112223e+03 8.687607806636730157e-01 3.364998687051763415e-01
6.833333333333333940e+03 6.251756573218817392e-01 3.282531056684166448e-01
6.836805555555556566e+03 3.078766746170424340e-01 3.437757237842061220e-01
6.840277777777778283e+03 1.041893657986168176e+00 4.116029679199765257e-01
6.843750000000000000e+03 3.758313975978225807e-01 3.364936065864740922e-01
6.847222222222223536e+03 7.656690859970884944e-01 3.380689208225259312e-01
6.850694444444445253e+03 8.669298377963091662e-01 4.195670410267459127e-01
6.854166666666666970e+03 1.268201595828265749e+00 5.606720885991389736e-01
6.857638888888890506e+03 6.377582107069313944e-01 4.857945933929447291e-01
6.861111111111112223e+03 0.000000000000000000e+00 3.991326853773740635e-01
6.864583333333333940e+03 6.438214512286768443e-01 4.338874441752385014e-01
6.868055555555556566e+03 3.771565625564277657e-01 4.009618949797404408e-01
6.871527777777778283e+03 1.320683741731102812e+00 5.431689636201935123e-01
6.875000000000000000e+03 4.091266857644524912e-01 4.024820802065022796e-01
6.878472222222223536e+03 8.734402606875284469e-01 3.874898411800895559e-01
6.881944444444445253e+03 5.021067137153060189e-01 4.127611803210347041e-01
6.885416666666666970e+03 6.806745789095580701e-01 6.419543893552256408e-01
6.888888888888890506e+03 3.643022220373397513e-01 3.963379353475940947e-01
6.892361111111112223e+03 8.155157745146371928e-01 3.814353228951082864e-01
6.895833333333333940e+03 1.233138763154957518e+00 3.780830765654995540e-01
6.899305555555556566e+03 7.800736363656436412e-01 3.871304962077698475e-01
6.902777777777778283e+03 1.014816256717343990e+00 5.135206830651986021e-01
6.906250000000000000e+03 1.609610630125415609e+00 7.960735173853886737e-01
6.909722222222223536e+03 1.051843717309958404e+00 5.308402496896825751e-01
6.913194444444445253e+03 1.018321254013870858e+00 5.691952794471867305e-01
6.916666666666666970e+03 1.020528650856439290e+00 6.316660637979620851e-01
