3450.0 2.99529e-18 1.997283e-18
3455.0 -7.691831e-20 2.010323e-18
3460.0 1.007672e-18 2.02448e-18
3465.0 1.476904e-18 2.028427e-18
3470.0 -3.435961e-20 1.988414e-18
3475.0 1.94605e-18 1.954088e-18
3480.0 1.035566e-18 1.962852e-18
3485.0 -9.112333e-19 1.857485e-18
3490.0 -1.413214e-18 1.745343e-18
3495.0 1.060741e-18 1.74825e-18
3500.0 1.021063e-18 1.602295e-18
3505.0 -4.089282e-19 1.483423e-18
3510.0 1.287439e-18 1.430304e-18
3515.0 1.584793e-18 1.347996e-18
3520.0 2.119742e-19 1.255611e-18
3525.0 5.217738e-20 1.190928e-18
3530.0 2.265147e-19 1.15561e-18
3535.0 5.998281e-19 1.098829e-18
3540.0 5.911502e-19 1.125015e-18
3545.0 -1.103274e-18 1.155821e-18
3550.0 1.873752e-18 1.121224e-18
3555.0 1.823969e-18 1.121777e-18
3560.0 -8.295979e-19 1.061871e-18
3565.0 2.802769e-20 1.030632e-18
3570.0 1.483174e-20 1.020258e-18
3575.0 3.934957e-19 1.025429e-18
3580.0 1.241682e-18 1.030069e-18
3585.0 -6.617699e-19 1.021098e-18
3590.0 1.234943e-18 1.06283e-18
3595.0 1.88743e-18 1.100015e-18
3600.0 6.781994e-19 1.111243e-18
3605.0 1.063415e-18 1.150431e-18
3610.0 1.760128e-18 1.181036e-18
3615.0 1.696913e-18 1.236417e-18
3620.0 7.969016e-19 1.266957e-18
3625.0 1.102134e-18 1.3011e-18
3630.0 2.01546e-18 1.338616e-18
3635.0 1.14519e-18 1.344896e-18
3640.0 2.480029e-18 1.351069e-18
3645.0 4.119612e-18 1.326974e-18
3650.0 3.991237e-18 1.296026e-18
3655.0 2.225705e-18 1.465895e-18
3660.0 1.987319e-18 1.366431e-18
3665.0 3.263995e-18 1.275409e-18
3670.0 1.790237e-18 1.165736e-18
3675.0 1.245635e-18 1.082752e-18
3680.0 2.562802e-18 1.027059e-18
3685.0 3.286563e-18 9.861533e-19
3690.0 2.973006e-18 9.407694e-19
3695.0 2.688146e-18 9.014406e-19
3700.0 2.868491e-18 9.170427e-19
3705.0 3.214993e-18 8.771184e-19
3710.0 2.333557e-18 8.334575e-19
3715.0 2.507036e-18 8.161492e-19
3720.0 2.833321e-18 7.836588e-19
3725.0 3.162063e-18 7.828414e-19
3730.0 3.516266e-18 8.00783e-19
3735.0 3.424256e-18 8.093279e-19
3740.0 4.193342e-18 8.355896e-19
3745.0 3.086301e-18 8.008691e-19
3750.0 3.085229e-18 7.777264e-19
3755.0 3.799117e-18 8.023959e-19
3760.0 2.619774e-18 7.784043e-19
3765.0 2.293605e-18 7.842172e-19
3770.0 2.523814e-18 7.979641e-19
3775.0 2.900989e-18 8.34054e-19
3780.0 2.416327e-18 8.505642e-19
3785.0 2.664057e-18 8.716612e-19
3790.0 2.213962e-18 8.95105e-19
3795.0 3.036874e-18 9.308381e-19
3800.0 1.811814e-18 9.308196e-19
3805.0 1.900439e-18 9.596782e-19
3810.0 6.972078e-19 9.733297e-19
3815.0 2.003174e-18 1.012648e-18
3820.0 2.185377e-18 1.023358e-18
3825.0 3.0076e-18 1.025441e-18
3830.0 2.384524e-18 1.062381e-18
3835.0 1.361618e-18 1.034972e-18
3840.0 2.645785e-18 1.023974e-18
3845.0 3.356473e-18 1.178265e-18
3850.0 1.936664e-18 1.0799e-18
3855.0 3.458331e-18 1.012096e-18
3860.0 3.836243e-18 9.448209e-19
3865.0 3.892061e-18 9.009512e-19
3870.0 2.964681e-18 8.411313e-19
3875.0 2.756034e-18 8.111615e-19
3880.0 2.694822e-18 7.748384e-19
3885.0 2.928771e-18 7.508806e-19
3890.0 2.534482e-18 7.282873e-19
3895.0 2.692175e-18 7.290976e-19
3900.0 2.688583e-18 7.181602e-19
3905.0 3.678468e-18 7.375677e-19
3910.0 2.722062e-18 7.285687e-19
3915.0 3.357127e-18 7.135554e-19
3920.0 4.502483e-18 6.939088e-19
3925.0 3.582181e-18 6.692247e-19
3930.0 2.840239e-18 6.383401e-19
3935.0 3.816529e-18 6.303774e-19
3940.0 3.734795e-18 6.615976e-19
3945.0 2.752466e-18 6.541726e-19
3950.0 3.177836e-18 6.579051e-19
3955.0 3.495654e-18 6.517379e-19
3960.0 4.591596e-18 6.637942e-19
3965.0 2.592341e-18 6.400955e-19
3970.0 2.940413e-18 6.477247e-19
3975.0 3.379678e-18 7.021029e-19
3980.0 2.756913e-18 7.222655e-19
3985.0 2.805341e-18 7.353601e-19
3990.0 3.118075e-18 7.589667e-19
3995.0 2.32563e-18 7.65057e-19
4000.0 3.28372e-18 7.968189e-19
4005.0 3.003489e-18 8.053866e-19
4010.0 2.220885e-18 8.244757e-19
4015.0 2.57772e-18 8.309544e-19
4020.0 2.744785e-18 8.341373e-19
4025.0 3.388084e-18 8.405806e-19
4030.0 2.683193e-18 8.281347e-19
4035.0 2.253738e-18 8.211268e-19
4040.0 2.75543e-18 8.267445e-19
4045.0 4.139614e-18 1.016168e-18
4050.0 3.496179e-18 9.484175e-19
4055.0 3.526621e-18 8.81582e-19
4060.0 2.42405e-18 8.361193e-19
4065.0 2.362133e-18 8.092359e-19
4070.0 3.409411e-18 7.784403e-19
4075.0 2.890264e-18 7.407811e-19
4080.0 3.239933e-18 7.122557e-19
4085.0 2.92858e-18 6.875022e-19
4090.0 2.930271e-18 6.647715e-19
4095.0 3.761905e-18 6.516492e-19
4100.0 3.893261e-18 6.32261e-19
4105.0 4.488445e-18 6.317453e-19
4110.0 3.705206e-18 6.176782e-19
4115.0 4.72453e-18 6.261742e-19
4120.0 3.016216e-18 6.006595e-19
4125.0 4.524813e-18 6.167338e-19
4130.0 3.766201e-18 6.021792e-19
4135.0 4.112355e-18 6.008948e-19
4140.0 4.121639e-18 5.930083e-19
4145.0 4.5119e-18 5.861977e-19
4150.0 3.69994e-18 5.716004e-19
4155.0 5.180733e-18 6.000165e-19
4160.0 4.168981e-18 5.941798e-19
4165.0 4.243519e-18 6.053549e-19
4170.0 3.11305e-18 6.014676e-19
4175.0 3.268911e-18 5.936394e-19
4180.0 3.343309e-18 5.982814e-19
4185.0 3.398643e-18 5.969287e-19
4190.0 3.946406e-18 6.088263e-19
4195.0 3.853497e-18 6.173626e-19
4200.0 3.743226e-18 6.179321e-19
4205.0 3.883952e-18 6.359175e-19
4210.0 2.872984e-18 6.443056e-19
4215.0 3.304648e-18 6.558406e-19
4220.0 4.152949e-18 6.662056e-19
4225.0 3.448084e-18 6.647939e-19
4230.0 2.9765e-18 6.775773e-19
4235.0 4.61412e-18 6.984433e-19
4240.0 4.466718e-18 7.023218e-19
4245.0 4.316526e-18 7.137738e-19
4250.0 2.079077e-18 6.96893e-19
4255.0 3.401614e-18 7.097788e-19
4260.0 3.282051e-18 6.988496e-19
4265.0 3.3977e-18 7.010603e-19
4270.0 4.680237e-18 6.902354e-19
4275.0 3.025419e-18 6.653494e-19
4280.0 3.71216e-18 7.708866e-19
4285.0 3.567457e-18 7.269338e-19
4290.0 3.530762e-18 6.896025e-19
4295.0 3.062636e-18 6.608064e-19
4300.0 2.404044e-18 6.174169e-19
4305.0 3.842203e-18 6.118954e-19
4310.0 4.235271e-18 6.079216e-19
4315.0 3.437819e-18 6.002643e-19
4320.0 4.150008e-18 5.972779e-19
4325.0 3.765324e-18 5.619018e-19
4330.0 3.128478e-18 5.548252e-19
4335.0 3.748739e-18 5.552228e-19
4340.0 4.152283e-18 5.375013e-19
4345.0 3.407361e-18 5.371394e-19
4350.0 2.799236e-18 5.233802e-19
4355.0 4.466508e-18 5.341984e-19
4360.0 4.825819e-18 5.388087e-19
4365.0 4.454819e-18 5.228056e-19
4370.0 5.097109e-18 5.222601e-19
4375.0 4.26972e-18 5.095673e-19
4380.0 3.811831e-18 5.053842e-19
4385.0 4.668543e-18 4.981007e-19
4390.0 4.056568e-18 4.948681e-19
4395.0 3.725934e-18 4.925215e-19
4400.0 3.86587e-18 4.96238e-19
4405.0 3.747798e-18 5.085037e-19
4410.0 4.248453e-18 5.222841e-19
4415.0 4.786934e-18 5.278684e-19
4420.0 4.593871e-18 5.347297e-19
4425.0 4.758217e-18 5.386814e-19
4430.0 3.407024e-18 5.309593e-19
4435.0 4.025701e-18 5.377262e-19
4440.0 3.958579e-18 5.529484e-19
4445.0 4.24312e-18 5.630451e-19
4450.0 3.752204e-18 5.650873e-19
4455.0 3.833242e-18 5.705113e-19
4460.0 3.436059e-18 5.762959e-19
4465.0 3.707214e-18 5.912071e-19
4470.0 4.601876e-18 6.055658e-19
4475.0 6.336957e-18 6.407741e-19
4480.0 3.599637e-18 6.164512e-19
4485.0 2.619768e-18 6.282938e-19
4490.0 4.14191e-18 6.43525e-19
4495.0 3.354942e-18 6.459097e-19
4500.0 3.091437e-18 6.460194e-19
4505.0 3.406533e-18 6.571719e-19
4510.0 2.756153e-18 9.934734e-19
4515.0 4.617124e-18 9.580117e-19
4520.0 2.480558e-18 8.817813e-19
4525.0 3.314727e-18 8.4508e-19
4530.0 3.251756e-18 8.03536e-19
4535.0 4.147967e-18 7.854205e-19
4540.0 3.51102e-18 7.436381e-19
4545.0 3.484e-18 7.105091e-19
4550.0 2.68413e-18 6.665661e-19
4555.0 4.237142e-18 6.571644e-19
4560.0 3.335369e-18 6.277574e-19
4565.0 3.654916e-18 6.053619e-19
4570.0 4.756709e-18 5.980831e-19
4575.0 4.02536e-18 5.738318e-19
4580.0 4.318851e-18 5.65377e-19
4585.0 4.174582e-18 5.488758e-19
4590.0 3.284381e-18 5.24863e-19
4595.0 3.66084e-18 5.1348e-19
4600.0 4.429709e-18 5.121699e-19
4605.0 4.33211e-18 5.01406e-19
4610.0 4.008015e-18 4.927346e-19
4615.0 4.005664e-18 4.815974e-19
4620.0 4.131624e-18 4.785404e-19
4625.0 4.731442e-18 4.803232e-19
4630.0 3.983415e-18 4.679474e-19
4635.0 4.551115e-18 4.6669e-19
4640.0 4.489725e-18 4.618251e-19
4645.0 4.594037e-18 4.563584e-19
4650.0 5.551831e-18 4.680019e-19
4655.0 4.703132e-18 4.578441e-19
4660.0 5.115758e-18 4.745266e-19
4665.0 4.259985e-18 4.541215e-19
4670.0 4.589278e-18 4.613491e-19
4675.0 4.461928e-18 4.649115e-19
4680.0 4.074405e-18 4.594189e-19
4685.0 4.654803e-18 4.68922e-19
4690.0 4.732606e-18 4.703186e-19
4695.0 4.151117e-18 4.688573e-19
4700.0 4.710647e-18 4.729615e-19
4705.0 4.662264e-18 4.763323e-19
4710.0 4.672558e-18 4.843398e-19
4715.0 4.473382e-18 4.857741e-19
4720.0 4.439916e-18 4.925387e-19
4725.0 4.036807e-18 4.934032e-19
4730.0 4.791804e-18 5.000542e-19
4735.0 4.916116e-18 5.086762e-19
4740.0 4.212009e-18 5.101872e-19
4745.0 4.364257e-18 5.225211e-19
4750.0 3.943766e-18 5.201203e-19
4755.0 4.521087e-18 5.321332e-19
4760.0 4.323924e-18 5.39671e-19
4765.0 3.669225e-18 5.366331e-19
4770.0 3.806859e-18 5.433633e-19
4775.0 3.637129e-18 5.528255e-19
4780.0 4.240668e-18 5.622478e-19
4785.0 3.956053e-18 5.646266e-19
4790.0 5.035773e-18 9.859318e-19
4795.0 4.492757e-18 9.210432e-19
4800.0 3.597599e-18 8.643112e-19
4805.0 4.558004e-18 8.364115e-19
4810.0 6.060002e-18 8.167053e-19
4815.0 5.28972e-18 7.725854e-19
4820.0 3.566493e-18 7.319664e-19
4825.0 3.346005e-18 6.957064e-19
4830.0 3.40668e-18 6.724512e-19
4835.0 4.815124e-18 6.702349e-19
4840.0 5.089039e-18 6.487669e-19
4845.0 4.352893e-18 6.184322e-19
4850.0 5.013269e-18 6.026549e-19
4855.0 5.329045e-18 5.860133e-19
4860.0 4.319863e-18 5.528572e-19
4865.0 4.444272e-18 5.439241e-19
4870.0 3.853307e-18 5.241018e-19
4875.0 5.131978e-18 5.28803e-19
4880.0 4.514136e-18 5.142133e-19
4885.0 4.786568e-18 5.059099e-19
4890.0 4.246452e-18 4.881058e-19
4895.0 5.021718e-18 4.866593e-19
4900.0 3.799561e-18 4.624878e-19
4905.0 5.248867e-18 4.764676e-19
4910.0 4.374912e-18 4.487786e-19
4915.0 3.48667e-18 4.347641e-19
4920.0 4.192181e-18 4.252933e-19
4925.0 4.20876e-18 4.262334e-19
4930.0 4.259707e-18 4.232291e-19
4935.0 4.486462e-18 4.191133e-19
4940.0 3.937511e-18 4.095093e-19
4945.0 4.441953e-18 4.114799e-19
4950.0 4.136267e-18 4.09969e-19
4955.0 3.950882e-18 4.027519e-19
4960.0 3.708017e-18 3.975601e-19
4965.0 4.66785e-18 4.110316e-19
4970.0 4.417036e-18 4.079833e-19
4975.0 4.08403e-18 4.034318e-19
4980.0 3.977976e-18 4.013996e-19
4985.0 4.051955e-18 3.974744e-19
4990.0 4.247589e-18 4.092694e-19
4995.0 4.39781e-18 4.116755e-19
5000.0 3.56809e-18 4.026314e-19
5005.0 4.450693e-18 4.128517e-19
5010.0 3.83384e-18 4.163888e-19
5015.0 4.511923e-18 4.221896e-19
5020.0 3.792682e-18 4.17248e-19
5025.0 3.856908e-18 4.232856e-19
5030.0 3.758439e-18 4.297607e-19
5035.0 4.248921e-18 4.410894e-19
5040.0 3.987396e-18 4.403538e-19
5045.0 3.928766e-18 4.540238e-19
5050.0 3.979575e-18 4.532521e-19
5055.0 4.186285e-18 4.569477e-19
5060.0 4.345721e-18 4.661456e-19
5065.0 4.003796e-18 4.626283e-19
5070.0 3.275135e-18 4.62298e-19
5075.0 4.107959e-18 4.754694e-19
5080.0 3.997914e-18 4.769588e-19
5085.0 3.783667e-18 4.804668e-19
5090.0 3.716551e-18 4.849838e-19
5095.0 4.122878e-18 4.89514e-19
5100.0 3.819072e-18 4.912543e-19
5105.0 4.411709e-18 5.031456e-19
5110.0 3.617178e-18 4.970352e-19
5115.0 3.00147e-18 8.302759e-19
5120.0 2.124892e-18 7.85536e-19
5125.0 3.696911e-18 7.637137e-19
5130.0 3.211297e-18 7.372377e-19
5135.0 3.863458e-18 7.204156e-19
5140.0 2.438604e-18 6.741375e-19
5145.0 3.04034e-18 6.578559e-19
5150.0 2.98259e-18 6.30309e-19
5155.0 3.15525e-18 6.105948e-19
5160.0 3.368094e-18 5.926515e-19
5165.0 3.810818e-18 5.735083e-19
5170.0 4.712397e-18 5.637292e-19
5175.0 3.687277e-18 5.395183e-19
5180.0 2.698783e-18 5.123748e-19
5185.0 3.296439e-18 4.951439e-19
5190.0 3.372973e-18 4.956039e-19
5195.0 4.20719e-18 4.900075e-19
5200.0 4.431136e-18 4.892644e-19
5205.0 3.269279e-18 4.61545e-19
5210.0 3.799091e-18 4.522242e-19
5215.0 3.56269e-18 4.411978e-19
5220.0 3.446188e-18 4.376402e-19
5225.0 4.022157e-18 4.346758e-19
5230.0 2.993269e-18 4.142713e-19
5235.0 3.888733e-18 4.159544e-19
5240.0 3.643884e-18 4.181033e-19
5245.0 3.706345e-18 4.040997e-19
5250.0 4.102957e-18 4.058383e-19
5255.0 3.482561e-18 4.01808e-19
5260.0 4.30021e-18 3.995671e-19
5265.0 4.213334e-18 3.864237e-19
5270.0 3.915984e-18 3.837949e-19
5275.0 3.761276e-18 3.890484e-19
5280.0 3.837996e-18 3.855859e-19
5285.0 3.949812e-18 3.859578e-19
5290.0 4.170803e-18 3.881034e-19
5295.0 4.074045e-18 3.868236e-19
5300.0 3.784744e-18 3.861974e-19
5305.0 4.81231e-18 3.991563e-19
5310.0 4.075648e-18 3.898504e-19
5315.0 3.714803e-18 3.862037e-19
5320.0 3.687647e-18 3.858704e-19
5325.0 3.99873e-18 3.900071e-19
5330.0 3.882777e-18 3.899751e-19
5335.0 4.22607e-18 3.953234e-19
5340.0 3.836768e-18 3.890345e-19
5345.0 4.23687e-18 3.958425e-19
5350.0 4.098236e-18 3.954805e-19
5355.0 4.519809e-18 4.032629e-19
5360.0 4.554868e-18 4.053865e-19
5365.0 4.592508e-18 4.033882e-19
5370.0 4.890515e-18 4.102325e-19
5375.0 4.107616e-18 4.0786e-19
5380.0 3.875905e-18 4.095984e-19
5385.0 3.880173e-18 4.115358e-19
5390.0 4.120628e-18 4.199505e-19
5395.0 4.743935e-18 4.295226e-19
5400.0 4.312623e-18 4.320398e-19
5405.0 4.006824e-18 4.315465e-19
5410.0 4.354709e-18 4.452557e-19
5415.0 3.449189e-18 4.44384e-19
5420.0 3.850074e-18 4.621865e-19
5425.0 4.685215e-18 4.767719e-19
5430.0 4.285929e-18 4.74829e-19
5435.0 3.721244e-18 4.696314e-19
5440.0 4.089574e-18 4.864843e-19
5445.0 3.949547e-18 4.927318e-19
5450.0 3.721764e-18 5.054932e-19
5455.0 3.776426e-18 5.191311e-19
5460.0 3.477198e-18 5.360497e-19
5465.0 2.741059e-18 5.407896e-19
5470.0 4.548611e-18 5.786073e-19
5475.0 2.602365e-18 5.745667e-19
5480.0 3.23094e-18 5.92537e-19
5485.0 2.875599e-18 6.01158e-19
5490.0 3.314944e-18 1.040032e-18
5495.0 3.046121e-18 9.868925e-19
5500.0 2.422359e-18 9.333816e-19
5505.0 2.026864e-18 8.794455e-19
5510.0 4.090755e-18 8.708634e-19
5515.0 3.675612e-18 8.319975e-19
5520.0 2.886606e-18 7.874277e-19
5525.0 3.385144e-18 7.76448e-19
5530.0 3.956132e-18 7.63217e-19
5535.0 3.676981e-18 7.511791e-19
5540.0 4.548963e-18 7.654653e-19
5545.0 3.962075e-18 7.582795e-19
5550.0 3.018599e-18 7.332143e-19
5555.0 2.817019e-18 7.090154e-19
5560.0 4.405858e-18 7.293384e-19
5565.0 3.059956e-18 7.22803e-19
5570.0 3.245025e-18 7.160366e-19
5575.0 4.367154e-18 8.420425e-19
5580.0 2.90395e-18 7.627469e-19
5585.0 2.624845e-18 6.863039e-19
5590.0 1.989741e-18 6.637732e-19
5595.0 2.975916e-18 6.472323e-19
5600.0 2.83025e-18 6.722515e-19
5605.0 4.304989e-18 7.891297e-19
5610.0 4.106761e-18 7.217552e-19
5615.0 3.185446e-18 6.656302e-19
5620.0 2.578061e-18 6.261846e-19
5625.0 3.116193e-18 6.009237e-19
5630.0 2.339455e-18 5.639296e-19
5635.0 2.34119e-18 5.441662e-19
5640.0 2.636696e-18 5.288311e-19
5645.0 3.533786e-18 5.23554e-19
5650.0 2.979125e-18 5.037526e-19
5655.0 3.831497e-18 4.995704e-19
5660.0 3.420106e-18 4.894912e-19
5665.0 3.516704e-18 4.854386e-19
5670.0 3.291294e-18 4.819082e-19
5675.0 3.033739e-18 4.789325e-19
5680.0 3.519375e-18 4.86388e-19
5685.0 2.408301e-18 4.84281e-19
5690.0 2.956493e-18 4.981746e-19
5695.0 2.924611e-18 5.105829e-19
5700.0 2.869388e-18 5.235414e-19
5705.0 2.34543e-18 5.382857e-19
5710.0 2.409735e-18 5.576226e-19
5715.0 2.580709e-18 5.80145e-19
5720.0 2.471032e-18 6.050891e-19
5725.0 3.25667e-18 6.295756e-19
5730.0 1.906713e-18 6.451234e-19
5735.0 2.08978e-18 6.657354e-19
5740.0 2.90856e-18 6.8168e-19
5745.0 2.471469e-18 6.968317e-19
5750.0 1.199006e-18 6.984773e-19
5755.0 2.665316e-18 7.075539e-19
5760.0 3.17906e-18 7.088814e-19
5765.0 1.890325e-18 6.973843e-19
5770.0 2.268979e-18 6.876248e-19
5775.0 1.801394e-18 6.678895e-19
5780.0 3.393275e-18 6.598507e-19
5785.0 2.648419e-18 6.108823e-19
5790.0 2.649925e-18 5.66466e-19
5795.0 2.580236e-18 5.62867e-19
5800.0 1.567971e-18 5.428434e-19
5805.0 3.606132e-18 5.397988e-19
5810.0 2.780008e-18 5.222534e-19
5815.0 3.301237e-18 5.096477e-19
5820.0 2.435116e-18 4.944615e-19
5825.0 2.476668e-18 4.873358e-19
5830.0 2.933286e-18 4.802998e-19
5835.0 4.060891e-18 4.817253e-19
5840.0 2.904615e-18 4.6899e-19
5845.0 2.766705e-18 4.663661e-19
5850.0 2.764027e-18 4.656304e-19
5855.0 2.696027e-18 4.673983e-19
5860.0 2.125351e-18 4.630072e-19
5865.0 2.434018e-18 4.853065e-19
5870.0 1.315117e-18 4.833458e-19
5875.0 3.669349e-18 4.972114e-19
5880.0 2.653052e-18 4.937074e-19
5885.0 2.510777e-18 5.030748e-19
5890.0 3.618961e-18 5.879916e-19
5895.0 2.955308e-18 5.684562e-19
5900.0 3.670042e-18 5.345216e-19
5905.0 3.126045e-18 5.434507e-19
5910.0 2.242279e-18 5.383122e-19
5915.0 2.385607e-18 5.578848e-19
5920.0 2.224803e-18 5.491573e-19
5925.0 2.534793e-18 5.643249e-19
5930.0 2.620672e-18 5.627391e-19
5935.0 2.115801e-18 5.717049e-19
5940.0 2.110152e-18 5.591674e-19
5945.0 2.511889e-18 5.691132e-19
5950.0 3.82605e-18 5.700247e-19
5955.0 3.168446e-18 5.761271e-19
5960.0 1.872122e-18 5.56523e-19
5965.0 2.553784e-18 5.554717e-19
5970.0 3.842001e-18 5.640143e-19
5975.0 3.532043e-18 5.585911e-19
5980.0 3.10699e-18 5.428073e-19
5985.0 2.991963e-18 5.356922e-19
5990.0 3.293757e-18 5.303015e-19
5995.0 2.812037e-18 5.234328e-19
6000.0 1.897885e-18 5.303959e-19
6005.0 3.281173e-18 5.306042e-19
6010.0 4.402374e-18 5.200464e-19
6015.0 3.191398e-18 5.035249e-19
6020.0 2.710643e-18 4.882371e-19
6025.0 3.751298e-18 4.928727e-19
6030.0 3.249761e-18 4.808079e-19
6035.0 2.672105e-18 4.72925e-19
6040.0 3.698207e-18 4.708685e-19
6045.0 2.460799e-18 4.565623e-19
6050.0 3.119133e-18 4.542961e-19
6055.0 3.71196e-18 4.522764e-19
6060.0 3.1454e-18 4.476225e-19
6065.0 4.049121e-18 4.521921e-19
6070.0 3.552511e-18 4.451431e-19
6075.0 3.364881e-18 4.413863e-19
6080.0 3.62207e-18 4.413784e-19
6085.0 3.852558e-18 4.453842e-19
6090.0 3.373711e-18 4.421596e-19
6095.0 2.71391e-18 4.413413e-19
6100.0 3.825395e-18 4.536147e-19
6105.0 3.762137e-18 4.572485e-19
6110.0 3.03069e-18 4.5393e-19
6115.0 3.185946e-18 4.614351e-19
6120.0 3.040287e-18 4.620644e-19
6125.0 3.17339e-18 4.706446e-19
6130.0 2.959144e-18 4.728444e-19
6135.0 2.392851e-18 4.758258e-19
6140.0 3.012309e-18 4.853222e-19
6145.0 3.355458e-18 4.915808e-19
6150.0 2.992673e-18 4.875037e-19
6155.0 3.576987e-18 4.894968e-19
6160.0 3.577944e-18 4.912144e-19
6165.0 3.071891e-18 4.85599e-19
6170.0 3.417636e-18 4.967804e-19
6175.0 2.913746e-18 4.853953e-19
6180.0 3.043397e-18 4.802705e-19
6185.0 3.138693e-18 4.765667e-19
6190.0 3.257304e-18 4.702256e-19
6195.0 3.211055e-18 4.674487e-19
6200.0 2.497091e-18 4.566759e-19
6205.0 3.583618e-18 4.62887e-19
6210.0 3.555338e-18 4.485982e-19
6215.0 2.928764e-18 4.422431e-19
6220.0 3.163533e-18 4.616635e-19
6225.0 2.497326e-18 4.350734e-19
6230.0 3.471867e-18 4.297334e-19
6235.0 2.943615e-18 4.613029e-19
6240.0 2.967777e-18 4.23013e-19
6245.0 3.389259e-18 4.111439e-19
6250.0 3.476583e-18 4.004832e-19
6255.0 4.079931e-18 4.01435e-19
6260.0 3.403189e-18 4.107309e-19
6265.0 3.436796e-18 3.987889e-19
6270.0 3.109969e-18 3.817783e-19
6275.0 2.906074e-18 3.774278e-19
6280.0 3.460375e-18 3.774977e-19
6285.0 3.311229e-18 3.863644e-19
6290.0 3.236696e-18 3.827065e-19
6295.0 2.884279e-18 3.733825e-19
6300.0 2.226245e-18 4.213797e-19
6305.0 3.414481e-18 4.020271e-19
6310.0 2.870826e-18 3.788992e-19
6315.0 3.188638e-18 3.829866e-19
6320.0 3.657244e-18 4.005655e-19
6325.0 3.023983e-18 3.904882e-19
6330.0 3.270197e-18 4.180184e-19
6335.0 3.307892e-18 4.042604e-19
6340.0 3.734315e-18 4.118347e-19
6345.0 3.180748e-18 4.130882e-19
6350.0 2.963414e-18 4.248582e-19
6355.0 2.833889e-18 4.366117e-19
6360.0 2.794108e-18 4.255861e-19
6365.0 3.490758e-18 4.62169e-19
6370.0 3.508938e-18 4.359474e-19
6375.0 6.11977e-19 4.157686e-19
6380.0 2.16055e-18 4.359167e-19
6385.0 3.109374e-18 4.48539e-19
6390.0 2.542011e-18 4.345929e-19
6395.0 2.437729e-18 4.342175e-19
6400.0 2.879352e-18 4.346568e-19
6405.0 2.83005e-18 4.320729e-19
6410.0 2.59389e-18 4.265371e-19
6415.0 2.720639e-18 4.259796e-19
6420.0 3.100264e-18 4.262637e-19
6425.0 2.913937e-18 4.16016e-19
6430.0 2.504829e-18 4.09509e-19
6435.0 3.253192e-18 4.102827e-19
6440.0 3.001139e-18 4.011946e-19
6445.0 2.740731e-18 3.957159e-19
6450.0 2.537087e-18 3.937609e-19
6455.0 2.231264e-18 3.846379e-19
6460.0 3.508611e-18 4.079102e-19
6465.0 3.338218e-18 4.189119e-19
6470.0 3.104859e-18 3.998327e-19
6475.0 3.02015e-18 3.740542e-19
6480.0 2.805378e-18 3.684266e-19
6485.0 3.449651e-18 3.596654e-19
6490.0 2.847791e-18 3.496924e-19
6495.0 2.568733e-18 3.435576e-19
6500.0 3.148889e-18 3.687764e-19
6505.0 2.692854e-18 3.456751e-19
6510.0 3.030422e-18 3.346722e-19
6515.0 2.525855e-18 3.284993e-19
6520.0 3.21127e-18 3.336828e-19
6525.0 2.741776e-18 3.285837e-19
6530.0 3.47045e-18 3.291467e-19
6535.0 2.301133e-18 3.395629e-19
6540.0 2.514546e-18 3.24176e-19
6545.0 2.572532e-18 3.35405e-19
6550.0 3.110235e-18 3.285533e-19
6555.0 2.91438e-18 3.496801e-19
6560.0 2.826702e-18 3.298439e-19
6565.0 2.456324e-18 3.337305e-19
6570.0 3.056992e-18 3.473037e-19
6575.0 2.830618e-18 3.504213e-19
6580.0 3.427708e-18 3.508062e-19
6585.0 3.653765e-18 3.51066e-19
6590.0 2.573591e-18 3.45708e-19
6595.0 3.093988e-18 3.568399e-19
6600.0 2.711343e-18 3.519475e-19
6605.0 2.813217e-18 3.687275e-19
6610.0 2.630172e-18 3.575461e-19
6615.0 3.111034e-18 3.64453e-19
6620.0 2.713424e-18 3.636859e-19
6625.0 3.230696e-18 3.699536e-19
6630.0 2.429784e-18 3.692836e-19
6635.0 3.185168e-18 3.795632e-19
6640.0 2.903009e-18 3.73215e-19
6645.0 2.44128e-18 3.718083e-19
6650.0 2.74553e-18 3.750418e-19
6655.0 2.904543e-18 3.769819e-19
6660.0 2.347467e-18 3.752023e-19
6665.0 2.578554e-18 3.745699e-19
6670.0 2.510551e-18 3.733363e-19
6675.0 2.5385e-18 3.698057e-19
6680.0 2.470965e-18 3.661678e-19
6685.0 2.227881e-18 3.621032e-19
6690.0 2.589575e-18 3.596566e-19
6695.0 1.817839e-18 3.508076e-19
6700.0 2.314432e-18 3.555642e-19
6705.0 2.901172e-18 3.532053e-19
6710.0 2.798335e-18 3.478323e-19
6715.0 3.074959e-18 3.72062e-19
6720.0 2.054615e-18 3.509612e-19
6725.0 2.695898e-18 3.481751e-19
6730.0 2.740065e-18 3.424146e-19
6735.0 2.389889e-18 3.305785e-19
6740.0 2.403529e-18 3.281699e-19
6745.0 2.693137e-18 3.238152e-19
6750.0 2.745013e-18 3.165353e-19
6755.0 2.811284e-18 3.118661e-19
6760.0 2.791839e-18 3.092581e-19
6765.0 2.919955e-18 3.061695e-19
6770.0 3.106403e-18 3.042322e-19
6775.0 2.796861e-18 2.993551e-19
6780.0 2.715673e-18 2.956126e-19
6785.0 2.870948e-18 2.95561e-19
6790.0 2.588768e-18 2.919803e-19
6795.0 2.34825e-18 2.856171e-19
6800.0 2.91396e-18 2.88854e-19
6805.0 2.971874e-18 2.89167e-19
6810.0 3.209034e-18 2.906728e-19
6815.0 2.888633e-18 2.869242e-19
6820.0 3.118632e-18 2.885998e-19
6825.0 2.98052e-18 2.943498e-19
6830.0 2.995498e-18 3.326465e-19
6835.0 2.827923e-18 3.205773e-19
6840.0 2.752292e-18 2.995425e-19
6845.0 2.725585e-18 2.909356e-19
6850.0 2.402336e-18 2.915875e-19
6855.0 2.760468e-18 2.95439e-19
6860.0 2.487119e-18 2.984279e-19
6865.0 3.095375e-18 3.383765e-19
6870.0 1.741059e-18 2.979147e-19
6875.0 2.183483e-18 2.979765e-19
6880.0 2.547086e-18 3.20648e-19
6885.0 2.106592e-18 3.120862e-19
6890.0 2.445453e-18 3.29821e-19
6895.0 2.198534e-18 3.175104e-19
6900.0 2.066388e-18 3.366327e-19
6905.0 2.551476e-18 3.271469e-19
6910.0 2.610939e-18 3.354066e-19
6915.0 2.203227e-18 3.398565e-19
6920.0 2.215062e-18 3.307575e-19
6925.0 2.213016e-18 3.567483e-19
6930.0 2.61404e-18 3.338406e-19
6935.0 2.19692e-18 3.311063e-19
6940.0 2.860417e-18 3.513536e-19
6945.0 2.232399e-18 3.298981e-19
6950.0 2.460926e-18 3.574057e-19
6955.0 3.117137e-18 3.310016e-19
6960.0 2.441542e-18 3.243812e-19
6965.0 2.888939e-18 3.254249e-19
6970.0 3.466717e-18 3.373709e-19
6975.0 2.943425e-18 3.195317e-19
6980.0 2.445382e-18 3.331248e-19
6985.0 2.546576e-18 3.127409e-19
6990.0 2.732718e-18 3.418573e-19
6995.0 2.899981e-18 3.367026e-19
7000.0 3.107678e-18 3.2835e-19
7005.0 3.029282e-18 3.26789e-19
7010.0 2.978989e-18 3.261605e-19
7015.0 2.750033e-18 3.014392e-19
7020.0 2.341036e-18 2.921943e-19
7025.0 2.333919e-18 2.860543e-19
7030.0 2.528992e-18 2.855747e-19
7035.0 3.003086e-18 2.831658e-19
7040.0 2.892995e-18 2.824382e-19
7045.0 2.736724e-18 2.789003e-19
7050.0 2.356084e-18 2.869874e-19
7055.0 2.768935e-18 2.719557e-19
7060.0 3.020929e-18 2.679059e-19
7065.0 2.22888e-18 2.658301e-19
7070.0 2.451889e-18 2.608118e-19
7075.0 2.323679e-18 2.578999e-19
7080.0 2.454375e-18 2.586436e-19
7085.0 2.493503e-18 2.544924e-19
7090.0 2.841029e-18 2.634287e-19
7095.0 2.819122e-18 2.52833e-19
7100.0 2.693232e-18 2.493164e-19
7105.0 2.692566e-18 2.495128e-19
7110.0 2.515976e-18 2.481554e-19
7115.0 2.571215e-18 2.502491e-19
7120.0 2.479913e-18 2.489221e-19
7125.0 2.63514e-18 2.528356e-19
7130.0 2.701324e-18 2.55693e-19
7135.0 2.480455e-18 2.548734e-19
7140.0 2.547288e-18 2.576176e-19
7145.0 2.667705e-18 2.695346e-19
7150.0 2.582994e-18 2.625472e-19
7155.0 3.108342e-18 2.661777e-19
7160.0 2.410783e-18 2.679748e-19
7165.0 2.520174e-18 2.707011e-19
7170.0 2.769821e-18 2.730837e-19
7175.0 2.418177e-18 2.750773e-19
7180.0 2.049305e-18 2.763226e-19
7185.0 2.581673e-18 2.769544e-19
7190.0 2.050614e-18 2.757607e-19
7195.0 2.120295e-18 2.789886e-19
7200.0 2.345143e-18 2.851214e-19
7205.0 2.662296e-18 2.886927e-19
7210.0 2.588312e-18 2.929514e-19
7215.0 1.941681e-18 2.90442e-19
7220.0 2.361402e-18 2.979288e-19
7225.0 2.650455e-18 3.027796e-19
7230.0 2.281534e-18 3.023149e-19
7235.0 2.477862e-18 3.05657e-19
7240.0 2.982692e-18 4.042659e-19
7245.0 2.948724e-18 3.649863e-19
7250.0 2.029312e-18 3.06923e-19
7255.0 2.1621e-18 3.287813e-19
7260.0 2.681184e-18 3.086254e-19
7265.0 2.020915e-18 3.047505e-19
7270.0 2.115608e-18 3.095184e-19
7275.0 2.560786e-18 3.56912e-19
7280.0 2.310925e-18 3.050318e-19
7285.0 2.770259e-18 3.335672e-19
7290.0 2.623066e-18 2.98329e-19
7295.0 2.442138e-18 3.483763e-19
7300.0 2.135206e-18 3.139246e-19
7305.0 2.681448e-18 3.41432e-19
7310.0 2.8487e-18 3.135894e-19
7315.0 1.771237e-18 3.258599e-19
7320.0 2.458094e-18 2.890874e-19
7325.0 2.436022e-18 2.825242e-19
7330.0 2.642959e-18 3.138943e-19
7335.0 2.095545e-18 2.711007e-19
7340.0 3.257624e-18 3.155226e-19
7345.0 2.525737e-18 2.716806e-19
7350.0 2.764424e-18 2.734252e-19
7355.0 2.572208e-18 2.648403e-19
7360.0 2.909993e-18 2.863611e-19
7365.0 2.491533e-18 2.605341e-19
7370.0 2.568562e-18 2.894457e-19
7375.0 2.487076e-18 2.554711e-19
7380.0 2.609534e-18 2.507948e-19
7385.0 2.665765e-18 2.496503e-19
7390.0 2.708798e-18 2.678055e-19
7395.0 2.746579e-18 2.50948e-19
7400.0 2.543456e-18 2.740427e-19
7405.0 2.684545e-18 2.458207e-19
7410.0 2.123404e-18 2.405506e-19
7415.0 2.508803e-18 2.454614e-19
7420.0 2.391745e-18 2.407306e-19
7425.0 2.779062e-18 2.457738e-19
7430.0 2.742282e-18 2.60845e-19
7435.0 2.732417e-18 2.45904e-19
7440.0 2.262528e-18 2.687588e-19
7445.0 2.248334e-18 2.430028e-19
7450.0 2.116776e-18 2.436117e-19
7455.0 2.564284e-18 2.507991e-19
7460.0 2.1239e-18 2.532566e-19
7465.0 2.824057e-18 2.722589e-19
7470.0 2.530315e-18 2.728493e-19
7475.0 2.566601e-18 2.730199e-19
7480.0 2.17034e-18 2.846282e-19
7485.0 1.832325e-18 2.780293e-19
7490.0 2.393073e-18 2.619095e-19
7495.0 2.629424e-18 2.747718e-19
7500.0 2.678307e-18 2.690612e-19
7505.0 1.87879e-18 2.635699e-19
7510.0 2.270522e-18 2.676115e-19
7515.0 1.774851e-18 2.720387e-19
7520.0 1.691162e-18 2.749335e-19
7525.0 2.124652e-18 3.199365e-19
7530.0 1.786155e-18 2.96059e-19
7535.0 1.868275e-18 2.782603e-19
7540.0 2.365844e-18 2.918783e-19
7545.0 1.879619e-18 2.814581e-19
7550.0 1.857567e-18 2.832441e-19
7555.0 1.829799e-18 2.933004e-19
7560.0 2.242669e-18 2.95863e-19
7565.0 2.481563e-18 2.918405e-19
7570.0 2.477112e-18 3.229021e-19
7575.0 2.23369e-18 2.954261e-19
7580.0 2.401386e-18 2.870859e-19
7585.0 2.263807e-18 3.012701e-19
7590.0 1.626439e-18 2.807017e-19
7595.0 1.165455e-18 2.64533e-19
7600.0 7.987991e-19 2.724888e-19
7605.0 5.803885e-19 2.520551e-19
7610.0 7.450001e-19 2.554757e-19
7615.0 1.050234e-18 2.580267e-19
7620.0 1.714743e-18 3.419833e-19
7625.0 1.0815e-18 2.981302e-19
7630.0 9.503398e-19 3.098202e-19
7635.0 1.333262e-18 2.829512e-19
7640.0 1.401094e-18 2.817781e-19
7645.0 1.408079e-18 2.746957e-19
7650.0 2.038837e-18 2.75926e-19
7655.0 1.826508e-18 2.802889e-19
7660.0 1.364303e-18 2.714429e-19
7665.0 2.008186e-18 2.695495e-19
7670.0 2.350682e-18 2.635653e-19
7675.0 2.16166e-18 2.588293e-19
7680.0 2.15228e-18 2.61544e-19
7685.0 2.460863e-18 2.61988e-19
7690.0 2.284668e-18 2.640555e-19
7695.0 2.257695e-18 2.536207e-19
7700.0 2.153187e-18 2.661185e-19
7705.0 2.252168e-18 2.44022e-19
7710.0 2.796341e-18 2.651162e-19
7715.0 2.731727e-18 3.709048e-19
7720.0 2.626966e-18 2.661836e-19
7725.0 2.861867e-18 2.862382e-19
7730.0 2.897588e-18 2.479028e-19
7735.0 2.718573e-18 2.556116e-19
7740.0 2.700354e-18 2.440878e-19
7745.0 2.382545e-18 2.402668e-19
7750.0 2.906627e-18 3.083403e-19
7755.0 2.12419e-18 2.411362e-19
7760.0 2.436491e-18 2.626101e-19
7765.0 1.92958e-18 2.305859e-19
7770.0 2.121442e-18 2.438536e-19
7775.0 2.538619e-18 2.717443e-19
7780.0 2.403857e-18 2.632153e-19
7785.0 2.067851e-18 2.428309e-19
7790.0 2.255909e-18 2.561908e-19
7795.0 2.714496e-18 2.826068e-19
7800.0 2.100262e-18 2.38713e-19
7805.0 2.436306e-18 2.43119e-19
7810.0 2.501521e-18 2.785392e-19
7815.0 2.467177e-18 2.543554e-19
7820.0 2.199771e-18 2.935902e-19
7825.0 2.073011e-18 2.470166e-19
7830.0 2.416174e-18 2.527204e-19
7835.0 2.302949e-18 2.521937e-19
7840.0 2.474775e-18 2.777807e-19
7845.0 2.063524e-18 2.482866e-19
7850.0 2.407318e-18 2.880279e-19
7855.0 1.981721e-18 2.975271e-19
7860.0 1.818931e-18 3.045257e-19
7865.0 2.007241e-18 2.626735e-19
7870.0 1.840947e-18 3.075423e-19
7875.0 5.055711e-18 2.835766e-19
7880.0 2.908724e-18 3.308053e-19
7885.0 1.792132e-18 2.778547e-19
7890.0 1.8953e-18 3.220823e-19
7895.0 2.269795e-18 2.820014e-19
7900.0 2.289038e-18 2.739974e-19
7905.0 2.131473e-18 2.806987e-19
7910.0 2.551246e-18 2.956933e-19
7915.0 2.546279e-18 3.294355e-19
7920.0 2.09424e-18 3.334834e-19
7925.0 2.202354e-18 2.797062e-19
7930.0 2.435821e-18 3.310457e-19
7935.0 2.206056e-18 2.792586e-19
7940.0 2.100486e-18 2.772053e-19
7945.0 2.687633e-18 2.87073e-19
7950.0 2.172207e-18 3.016587e-19
7955.0 2.107279e-18 2.736484e-19
7960.0 2.359594e-18 2.729846e-19
7965.0 1.398851e-18 3.050984e-19
7970.0 1.522981e-18 2.820651e-19
7975.0 2.113661e-18 2.847101e-19
7980.0 3.066432e-18 3.171399e-19
7985.0 1.924088e-18 3.259095e-19
7990.0 1.396564e-18 3.214803e-19
7995.0 1.750293e-18 3.710236e-19
8000.0 1.811484e-18 3.160934e-19
8005.0 2.889639e-18 3.096144e-19
8010.0 2.390897e-18 2.990188e-19
8015.0 2.586412e-18 3.301751e-19
8020.0 2.248824e-18 2.99853e-19
8025.0 2.437576e-18 3.321794e-19
8030.0 2.227151e-18 3.048462e-19
8035.0 2.150775e-18 2.722485e-19
8040.0 2.046251e-18 2.6831e-19
8045.0 1.381006e-18 2.541032e-19
8050.0 2.393876e-18 2.88414e-19
8055.0 2.000889e-18 2.54955e-19
8060.0 2.192193e-18 2.776288e-19
8065.0 1.841558e-18 2.584052e-19
8070.0 2.088762e-18 2.45604e-19
8075.0 2.049257e-18 2.491335e-19
8080.0 2.564391e-18 2.488053e-19
8085.0 1.887189e-18 2.487812e-19
8090.0 2.05515e-18 2.370512e-19
8095.0 2.373549e-18 2.555094e-19
8100.0 1.981006e-18 2.488664e-19
8105.0 2.120039e-18 2.521203e-19
8110.0 1.997202e-18 2.370462e-19
8115.0 1.906062e-18 2.300867e-19
8120.0 2.238913e-18 2.33976e-19
8125.0 2.045677e-18 2.334946e-19
8130.0 1.950909e-18 2.336759e-19
8135.0 1.656197e-18 2.302697e-19
8140.0 1.812794e-18 2.417679e-19
8145.0 1.663086e-18 2.399465e-19
8150.0 2.355588e-18 2.321982e-19
8155.0 1.724032e-18 2.23668e-19
8160.0 2.124271e-18 2.278282e-19
8165.0 1.698392e-18 2.239273e-19
8170.0 2.080945e-18 2.264388e-19
8175.0 1.754576e-18 2.245708e-19
8180.0 1.895452e-18 2.264672e-19
8185.0 1.744553e-18 2.257668e-19
8190.0 2.0587e-18 2.36586e-19
8195.0 1.96342e-18 2.375962e-19
8200.0 1.688201e-18 2.276384e-19
8205.0 1.996643e-18 2.351141e-19
8210.0 1.783312e-18 2.323935e-19
8215.0 2.027949e-18 2.340694e-19
8220.0 1.957045e-18 2.336142e-19
8225.0 2.367302e-18 2.400464e-19
8230.0 1.66429e-18 2.292297e-19
8235.0 1.78516e-18 2.341727e-19
8240.0 1.814809e-18 2.424306e-19
8245.0 1.939384e-18 2.440855e-19
8250.0 1.711368e-18 2.449777e-19
8255.0 2.431066e-18 2.501506e-19
8260.0 1.89393e-18 2.43957e-19
8265.0 1.830393e-18 2.45269e-19
8270.0 1.83552e-18 2.480048e-19
8275.0 1.536253e-18 2.470405e-19
8280.0 2.24495e-18 3.617829e-19
8285.0 2.006669e-18 2.907447e-19
8290.0 1.452391e-18 2.994497e-19
8295.0 1.567887e-18 2.783154e-19
8300.0 1.41482e-18 3.011306e-19
8305.0 1.425582e-18 2.639383e-19
8310.0 1.324753e-18 2.857462e-19
8315.0 1.883629e-18 2.607917e-19
8320.0 1.352278e-18 2.655387e-19
8325.0 1.9824e-18 2.637103e-19
8330.0 1.307736e-18 2.58472e-19
8335.0 1.858248e-18 2.655031e-19
8340.0 1.200021e-18 2.700945e-19
8345.0 2.404121e-18 3.581812e-19
8350.0 2.043272e-18 2.920228e-19
8355.0 1.927347e-18 3.002011e-19
8360.0 1.708051e-18 2.799456e-19
8365.0 1.767528e-18 3.126042e-19
8370.0 1.497115e-18 2.652089e-19
8375.0 1.753264e-18 3.460417e-19
8380.0 1.61465e-18 3.83338e-19
8385.0 1.484633e-18 3.43806e-19
8390.0 1.991272e-18 3.30947e-19
8395.0 2.013818e-18 3.188219e-19
8400.0 2.377863e-18 3.796312e-19
8405.0 2.347776e-18 3.076887e-19
8410.0 1.708311e-18 2.981075e-19
8415.0 1.174757e-18 3.299305e-19
8420.0 1.81526e-18 2.895521e-19
8425.0 1.639583e-18 2.981709e-19
8430.0 1.472125e-18 3.485079e-19
8435.0 2.407158e-18 2.912152e-19
8440.0 2.15734e-18 2.725771e-19
8445.0 1.610611e-18 2.736314e-19
8450.0 1.987193e-18 2.920445e-19
8455.0 2.230755e-18 2.780968e-19
8460.0 2.028082e-18 2.641581e-19
8465.0 2.039843e-18 3.117802e-19
8470.0 2.016698e-18 2.519461e-19
8475.0 2.048962e-18 2.626964e-19
8480.0 1.955367e-18 2.459531e-19
8485.0 1.918565e-18 2.456986e-19
8490.0 1.882007e-18 2.414086e-19
8495.0 2.326538e-18 2.887163e-19
8500.0 1.826159e-18 2.444656e-19
8505.0 1.708022e-18 2.888695e-19
8510.0 2.131941e-18 2.3609e-19
8515.0 1.668455e-18 2.293854e-19
8520.0 2.371351e-18 2.410591e-19
8525.0 1.595694e-18 2.258096e-19
8530.0 1.745142e-18 2.259147e-19
8535.0 1.464316e-18 2.226754e-19
8540.0 1.980277e-18 2.512119e-19
8545.0 1.958789e-18 2.260079e-19
8550.0 1.580449e-18 2.66348e-19
8555.0 1.846818e-18 2.256224e-19
8560.0 1.334608e-18 2.197104e-19
8565.0 1.973536e-18 2.242875e-19
8570.0 2.033898e-18 2.268108e-19
8575.0 1.883695e-18 2.331356e-19
8580.0 1.812723e-18 2.241822e-19
8585.0 2.05933e-18 2.250363e-19
8590.0 1.938708e-18 2.437536e-19
8595.0 1.722973e-18 2.437422e-19
8600.0 2.025198e-18 2.327971e-19
8605.0 1.766034e-18 2.280849e-19
8610.0 2.072553e-18 2.46343e-19
8615.0 1.760314e-18 2.865065e-19
8620.0 1.84377e-18 3.335422e-19
8625.0 1.822062e-18 3.472577e-19
8630.0 1.84164e-18 3.671186e-19
8635.0 1.986101e-18 3.413259e-19
8640.0 1.431284e-18 2.927285e-19
8645.0 2.048513e-18 2.597203e-19
8650.0 1.782096e-18 3.109662e-19
8655.0 1.670171e-18 3.152158e-19
8660.0 2.480295e-18 3.167879e-19
8665.0 1.875801e-18 3.129496e-19
8670.0 2.248338e-18 3.135096e-19
8675.0 2.03019e-18 2.962759e-19
8680.0 2.042562e-18 2.854227e-19
8685.0 1.869346e-18 2.666301e-19
8690.0 1.741131e-18 2.520494e-19
8695.0 1.785423e-18 2.546532e-19
8700.0 1.864354e-18 2.758646e-19
8705.0 1.467611e-18 2.581982e-19
8710.0 1.589936e-18 2.542096e-19
8715.0 1.762765e-18 2.482437e-19
8720.0 1.758079e-18 2.504213e-19
8725.0 1.819924e-18 2.57358e-19
8730.0 1.066346e-18 2.464368e-19
8735.0 1.867888e-18 2.554168e-19
8740.0 1.339266e-18 2.604208e-19
8745.0 1.561863e-18 2.597813e-19
8750.0 1.656246e-18 2.620779e-19
8755.0 1.892792e-18 2.632886e-19
8760.0 2.264171e-18 4.207946e-19
8765.0 1.676581e-18 3.322023e-19
8770.0 1.255492e-18 3.177702e-19
8775.0 1.410348e-18 3.10117e-19
8780.0 1.260288e-18 3.123836e-19
8785.0 1.538663e-18 2.667284e-19
8790.0 1.140163e-18 3.137581e-19
8795.0 1.623921e-18 2.678065e-19
8800.0 1.630758e-18 2.714676e-19
8805.0 1.276119e-18 2.655212e-19
8810.0 1.248381e-18 2.87449e-19
8815.0 1.359127e-18 2.690977e-19
8820.0 1.333051e-18 3.586526e-19
8825.0 8.578773e-19 4.799795e-19
8830.0 1.490847e-18 4.080753e-19
8835.0 1.527216e-18 5.063756e-19
8840.0 1.268689e-18 3.362746e-19
8845.0 1.068433e-18 3.373944e-19
8850.0 1.056316e-18 3.724684e-19
8855.0 1.801007e-18 3.221899e-19
8860.0 1.534946e-18 3.241133e-19
8865.0 1.379833e-18 3.47884e-19
8870.0 1.794543e-18 3.355926e-19
8875.0 1.261518e-18 2.932764e-19
8880.0 1.215371e-18 2.870425e-19
8885.0 1.390105e-18 3.627922e-19
8890.0 1.767342e-18 2.998128e-19
8895.0 1.666774e-18 2.965894e-19
8900.0 1.704495e-18 2.854884e-19
8905.0 2.028219e-18 3.357569e-19
8910.0 1.274348e-18 2.871795e-19
8915.0 1.427598e-18 2.677341e-19
8920.0 1.216235e-18 3.49672e-19
8925.0 1.576156e-18 2.778793e-19
8930.0 1.187522e-18 2.773873e-19
8935.0 1.312449e-18 2.7119e-19
8940.0 1.286947e-18 2.624017e-19
8945.0 1.628417e-18 3.03712e-19
8950.0 9.872995e-19 2.471736e-19
8955.0 1.457934e-18 2.624365e-19
8960.0 1.720813e-18 3.08196e-19
8965.0 1.6326e-18 2.525689e-19
8970.0 2.069635e-18 2.739445e-19
8975.0 1.323321e-18 2.501643e-19
8980.0 1.880673e-18 2.74848e-19
8985.0 1.732702e-18 2.649866e-19
8990.0 9.619694e-19 2.893736e-19
8995.0 1.418922e-18 2.477455e-19
9000.0 1.597015e-18 3.050978e-19
9005.0 1.337176e-18 2.390118e-19
9010.0 1.626746e-18 2.400731e-19
9015.0 1.531691e-18 2.366425e-19
9020.0 1.850854e-18 2.521199e-19
9025.0 1.297075e-18 2.372288e-19
9030.0 1.671913e-18 2.559664e-19
9035.0 2.038015e-18 2.503656e-19
9040.0 1.733833e-18 2.73702e-19
9045.0 1.614495e-18 2.503399e-19
9050.0 1.494872e-18 3.039617e-19
9055.0 1.793155e-18 2.51093e-19
9060.0 1.982718e-18 2.456942e-19
9065.0 1.619522e-18 2.575261e-19
9070.0 1.842621e-18 2.624476e-19
9075.0 1.699021e-18 2.457637e-19
9080.0 1.64126e-18 2.448717e-19
9085.0 1.675899e-18 2.532694e-19
9090.0 1.789625e-18 2.632256e-19
9095.0 1.917962e-18 2.747408e-19
9100.0 1.327124e-18 2.634672e-19
9105.0 1.675737e-18 2.793021e-19
9110.0 1.707229e-18 2.56473e-19
9115.0 1.730839e-18 2.589964e-19
9120.0 1.843499e-18 2.60311e-19
9125.0 1.446833e-18 2.607632e-19
9130.0 1.448859e-18 2.623303e-19
9135.0 1.584716e-18 2.735109e-19
9140.0 1.31143e-18 2.732686e-19
9145.0 1.736507e-18 2.797754e-19
9150.0 1.825388e-18 3.084103e-19
9155.0 1.398038e-18 3.042726e-19
9160.0 1.684001e-18 3.427328e-19
9165.0 1.881277e-18 2.95776e-19
9170.0 1.765549e-18 3.032953e-19
9175.0 1.35773e-18 2.973072e-19
9180.0 1.921969e-18 3.148608e-19
9185.0 1.39727e-18 3.06414e-19
9190.0 1.642731e-18 3.121013e-19
9195.0 1.545101e-18 3.163171e-19
9200.0 1.512528e-18 3.129579e-19
9205.0 1.883212e-18 3.088905e-19
9210.0 2.335911e-18 3.153158e-19
9215.0 1.517402e-18 3.363451e-19
9220.0 1.879783e-18 3.207517e-19
9225.0 1.391632e-18 3.591877e-19
9230.0 1.732131e-18 3.228706e-19
9235.0 1.702739e-18 3.267013e-19
9240.0 2.299967e-18 3.458701e-19
9245.0 1.406982e-18 3.321753e-19
9250.0 1.726991e-18 3.558406e-19
9255.0 1.291136e-18 3.37216e-19
9260.0 1.546026e-18 3.398341e-19
9265.0 1.256452e-18 3.477326e-19
9270.0 1.45482e-18 3.356105e-19
9275.0 9.199118e-19 3.326062e-19
9280.0 1.083273e-18 3.344177e-19
9285.0 1.521368e-18 3.65249e-19
9290.0 1.338582e-18 3.486711e-19
9295.0 1.172933e-18 3.722419e-19
9300.0 1.739868e-18 4.881858e-19
9305.0 2.365941e-18 6.463198e-19
9310.0 2.677532e-18 8.027043e-19
9315.0 1.139004e-18 6.260834e-19
9320.0 1.45815e-18 5.611872e-19
9325.0 1.399064e-18 6.038582e-19
9330.0 8.051049e-19 4.99733e-19
9335.0 1.131828e-18 4.60237e-19
9340.0 1.169142e-18 4.958934e-19
9345.0 2.750623e-19 4.105751e-19
9350.0 1.571192e-18 5.189878e-19
9355.0 7.706831e-19 4.166253e-19
9360.0 7.167788e-19 4.366372e-19
9365.0 9.045056e-19 4.214442e-19
9370.0 1.123289e-18 4.410897e-19
9375.0 2.659136e-18 8.799267e-19
9380.0 6.536369e-19 4.243325e-19
9385.0 1.444932e-18 5.319379e-19
9390.0 1.283271e-18 4.111978e-19
9395.0 2.017877e-18 4.337415e-19
9400.0 1.206484e-18 4.68914e-19
9405.0 8.700305e-19 4.201117e-19
9410.0 1.078709e-18 3.78225e-19
9415.0 1.675381e-18 3.934793e-19
9420.0 1.923734e-18 5.346405e-19
9425.0 1.407271e-18 3.976585e-19
9430.0 1.18183e-18 3.577322e-19
9435.0 2.003574e-18 3.95334e-19
9440.0 1.675166e-18 6.038655e-19
9445.0 1.344464e-18 3.768686e-19
9450.0 1.97918e-18 4.121755e-19
9455.0 8.971529e-19 3.659235e-19
9460.0 1.189088e-18 4.556963e-19
9465.0 1.385969e-18 3.427215e-19
9470.0 1.116681e-18 3.400993e-19
9475.0 2.135686e-18 4.753767e-19
9480.0 1.001251e-18 3.786425e-19
9485.0 1.299568e-18 3.490034e-19
9490.0 1.429694e-18 3.625548e-19
9495.0 7.430978e-19 3.221304e-19
9500.0 9.812247e-19 3.601601e-19
9505.0 1.125823e-18 4.01818e-19
9510.0 1.593213e-18 3.401102e-19
9515.0 1.503888e-18 3.40952e-19
9520.0 1.471428e-18 4.92164e-19
9525.0 1.56128e-18 3.420524e-19
9530.0 7.935718e-19 3.618822e-19
9535.0 1.072167e-18 3.85461e-19
9540.0 1.121237e-18 3.38196e-19
9545.0 1.039191e-18 3.230954e-19
9550.0 1.498141e-18 3.828062e-19
9555.0 1.063743e-18 3.802476e-19
9560.0 1.743119e-18 3.751254e-19
9565.0 1.521938e-18 4.171793e-19
9570.0 1.272231e-18 4.345156e-19
9575.0 1.197264e-18 3.60137e-19
9580.0 1.186865e-18 3.445921e-19
9585.0 1.177258e-18 3.531616e-19
9590.0 3.677553e-19 3.5215e-19
9595.0 1.372831e-18 3.602785e-19
9600.0 7.844227e-19 3.526776e-19
9605.0 1.343793e-18 3.914225e-19
9610.0 1.004092e-18 4.120838e-19
9615.0 1.615816e-18 3.88569e-19
9620.0 7.088114e-19 4.933251e-19
9625.0 1.071301e-18 4.061312e-19
9630.0 1.621942e-18 4.204711e-19
9635.0 1.301102e-18 3.867314e-19
9640.0 1.790595e-18 3.917277e-19
9645.0 8.906893e-19 3.817772e-19
9650.0 1.505858e-18 4.091403e-19
9655.0 1.408089e-18 4.39746e-19
9660.0 1.38944e-18 4.483504e-19
9665.0 1.391507e-18 4.234648e-19
9670.0 1.322589e-18 5.535773e-19
9675.0 1.209892e-18 4.633124e-19
9680.0 9.549612e-19 6.32524e-19
9685.0 1.837394e-18 5.00109e-19
9690.0 6.21471e-19 5.101115e-19
9695.0 9.813785e-19 4.736072e-19
9700.0 1.998815e-18 6.274919e-19
9705.0 1.223268e-18 4.866999e-19
9710.0 1.0973e-18 5.601192e-19
9715.0 8.059902e-19 5.027705e-19
9720.0 1.737061e-18 7.138828e-19
9725.0 8.004755e-19 5.432977e-19
9730.0 5.497051e-19 5.221403e-19
9735.0 2.428855e-18 6.033645e-19
9740.0 1.58332e-18 5.895176e-19
9745.0 9.928315e-19 6.025795e-19
9750.0 1.795288e-18 5.233856e-19
9755.0 -8.828637e-20 5.216795e-19
9760.0 1.230558e-18 5.258109e-19
9765.0 9.618482e-19 5.287e-19
9770.0 1.256334e-18 5.348052e-19
9775.0 5.123646e-19 5.359412e-19
9780.0 1.201374e-18 5.486163e-19
9785.0 1.166286e-18 5.599571e-19
9790.0 2.245555e-18 9.792865e-19
9795.0 1.111013e-18 6.468205e-19
9800.0 1.504794e-19 7.218778e-19
9805.0 1.318084e-18 5.976799e-19
9810.0 6.338969e-19 6.863981e-19
9815.0 6.850492e-19 6.376037e-19
9820.0 7.938506e-19 6.150441e-19
9825.0 6.697404e-19 6.036632e-19
9830.0 4.454797e-19 6.205627e-19
9835.0 7.366353e-19 6.018408e-19
9840.0 3.009755e-19 5.870912e-19
9845.0 -2.665239e-19 6.148539e-19
9850.0 1.046289e-18 7.361651e-19
9855.0 -1.449847e-19 6.018296e-19
9860.0 5.522525e-19 6.046471e-19
9865.0 7.333606e-19 7.504091e-19
9870.0 1.451048e-18 1.00278e-18
9875.0 3.234798e-19 8.688592e-19
9880.0 -8.171712e-19 7.138616e-19
9885.0 3.343241e-19 7.760216e-19
9890.0 -1.426146e-19 7.171332e-19
9895.0 1.544914e-18 9.714751e-19
9900.0 -8.543501e-20 7.198521e-19
9905.0 7.450047e-19 6.93038e-19
9910.0 8.086275e-20 7.382366e-19
9915.0 4.002371e-19 1.148156e-18
9920.0 -1.65605e-19 7.088631e-19
9925.0 6.414049e-19 6.822093e-19
9930.0 1.388337e-18 6.762137e-19
9935.0 5.780155e-19 6.923953e-19
9940.0 9.978602e-19 9.184482e-19
9945.0 2.061669e-18 1.423803e-18
9950.0 1.064085e-18 9.494248e-19
9955.0 1.004129e-18 1.018024e-18
9960.0 1.008077e-18 1.129755e-18
