2.875000000000000000e+03 0.000000000000000000e+00 1.659174716995865495e+00
2.879166666666666970e+03 0.000000000000000000e+00 1.670007252149685151e+00
2.883333333333333485e+03 8.370891383067186053e-01 1.681767696948199164e+00
2.887500000000000000e+03 8.602611272316144087e-01 1.685046532550355858e+00
2.891666666666666970e+03 8.370891383067186053e-01 1.651807097802673319e+00
2.895833333333333485e+03 8.370891383067186053e-01 1.623291944298838496e+00
2.900000000000000000e+03 8.602611272316144087e-01 1.630572338323997617e+00
2.904166666666666970e+03 8.482132547365344166e-01 1.543042297560768938e+00
2.908333333333333485e+03 8.482132547365344166e-01 1.449884156669693391e+00
2.912500000000000000e+03 8.482132547365344166e-01 1.452299047750379879e+00
2.916666666666666970e+03 8.482132547365344166e-01 1.331051910605002275e+00
2.920833333333333485e+03 8.482132547365344166e-01 1.232303051800950566e+00
2.925000000000000000e+03 8.482132547365344166e-01 1.188176254650970654e+00
2.929166666666666970e+03 1.881693597091165515e-01 1.119801691503687247e+00
2.933333333333333485e+03 1.881693597091165515e-01 1.043056004372888479e+00
2.937500000000000000e+03 4.910778621692816204e-01 9.893228087168679519e-01
2.941666666666666970e+03 1.881693597091165515e-01 9.599835850540920923e-01
2.945833333333333485e+03 1.881693597091165515e-01 9.128147063294735908e-01
2.950000000000000000e+03 4.910778621692816204e-01 9.345678325210317050e-01
2.954166666666666970e+03 4.910778621692816204e-01 9.601588661060442842e-01
2.958333333333333485e+03 4.910778621692816204e-01 9.314185885970954759e-01
2.962500000000000000e+03 2.328304733169903745e-02 9.318779744820694377e-01
2.966666666666666970e+03 2.328304733169903745e-02 8.821131086136100308e-01
2.970833333333333485e+03 3.268831290741422424e-01 8.561623750499467445e-01
2.975000000000000000e+03 2.328304733169903745e-02 8.475445284482808761e-01
2.979166666666666970e+03 2.328304733169903745e-02 8.518401602949374762e-01
2.983333333333333485e+03 3.268831290741422424e-01 8.556946820061124281e-01
2.987500000000000000e+03 5.633910154754062649e-01 8.482423297925453243e-01
2.991666666666666970e+03 8.833957339416389498e-01 8.829097651483119868e-01
2.995833333333333485e+03 1.025886768440439134e+00 9.137999353703040173e-01
3.000000000000000000e+03 1.025886768440439134e+00 9.231272133386387857e-01
3.004166666666666970e+03 1.025886768440439134e+00 9.556813074803472974e-01
3.008333333333333485e+03 9.155602223327998779e-01 9.811053671722681502e-01
3.012500000000000000e+03 9.155602223327998779e-01 1.027111243656445794e+00
3.016666666666666970e+03 9.513275255216687709e-01 1.052481306815774786e+00
3.020833333333333485e+03 1.409652586309303901e+00 1.080844439312466321e+00
3.025000000000000000e+03 1.409652586309303901e+00 1.112009576492734242e+00
3.029166666666666970e+03 1.674274639656216701e+00 1.117226472256997116e+00
3.033333333333333485e+03 1.848928501114405432e+00 1.122354481421454553e+00
3.037500000000000000e+03 1.848928501114405432e+00 1.102338382147583395e+00
3.041666666666666970e+03 2.060199488112871347e+00 1.076629386906754693e+00
3.045833333333333485e+03 2.060199488112871347e+00 1.217742263750632326e+00
3.050000000000000000e+03 1.848928501114405432e+00 1.135115938862633733e+00
3.054166666666666970e+03 1.848928501114405432e+00 1.059502517484492756e+00
3.058333333333333485e+03 1.848928501114405432e+00 9.683954141160228124e-01
3.062500000000000000e+03 2.128960334147158129e+00 8.994592870297837273e-01
3.066666666666666970e+03 2.233085586165589831e+00 8.531942271891649332e-01
3.070833333333333485e+03 2.233085586165589831e+00 8.192132123700240909e-01
3.075000000000000000e+03 2.382901042631508481e+00 7.815120856700680241e-01
3.079166666666666970e+03 2.382901042631508481e+00 7.488410267316064628e-01
3.083333333333333485e+03 2.382901042631508481e+00 7.618019390570212046e-01
3.087500000000000000e+03 2.353684764919865113e+00 7.286361888084293970e-01
3.091666666666666970e+03 2.353684764919865113e+00 6.923663855801014400e-01
3.095833333333333485e+03 2.382901042631508481e+00 6.779881058099438418e-01
3.100000000000000000e+03 2.626775966724844480e+00 6.509978143865039479e-01
3.104166666666666970e+03 2.626775966724844480e+00 6.503187872212636833e-01
3.108333333333333485e+03 2.626775966724844480e+00 6.652231593620434591e-01
3.112500000000000000e+03 2.626775966724844480e+00 6.723215435365735848e-01
3.116666666666666970e+03 2.844583857030473339e+00 6.941375549207040585e-01
3.120833333333333485e+03 2.844583857030473339e+00 6.652946839998304940e-01
3.125000000000000000e+03 2.563839269767507645e+00 6.460696754642248907e-01
3.129166666666666970e+03 2.562948742337684660e+00 6.665630210146197276e-01
3.133333333333333485e+03 2.409897647495682804e+00 6.466328177633640095e-01
3.137500000000000000e+03 2.176287879606008335e+00 6.514616861372625189e-01
3.141666666666666970e+03 2.176287879606008335e+00 6.628814543509160551e-01
3.145833333333333485e+03 2.096572383182655486e+00 6.928619076061177662e-01
3.150000000000000000e+03 2.096572383182655486e+00 7.065771930276354418e-01
3.154166666666666970e+03 2.096572383182655486e+00 7.241028060751913964e-01
3.158333333333333485e+03 2.007281224741045200e+00 7.435779431640805459e-01
3.162500000000000000e+03 1.839173404464765627e+00 7.732619969911471713e-01
3.166666666666666970e+03 1.664068464280462845e+00 7.732466287472555821e-01
3.170833333333333485e+03 1.664068464280462845e+00 7.972199262158150557e-01
3.175000000000000000e+03 1.664068464280462845e+00 8.085604441339413473e-01
3.179166666666666970e+03 1.664068464280462845e+00 8.412227805555994031e-01
3.183333333333333485e+03 1.664068464280462845e+00 8.501197476949711174e-01
3.187500000000000000e+03 1.815427390862623724e+00 8.518501288855697684e-01
3.191666666666666970e+03 1.980861967417661740e+00 8.825367737154848902e-01
3.195833333333333485e+03 1.980861967417661740e+00 8.597676819953131711e-01
3.200000000000000000e+03 2.197895630517511023e+00 8.506314686807651126e-01
3.204166666666666970e+03 2.197895630517511023e+00 9.788034534520815289e-01
3.208333333333333485e+03 2.788275442127762460e+00 8.970900853228286342e-01
3.212500000000000000e+03 2.788275442127762460e+00 8.407642253865114101e-01
3.216666666666666970e+03 2.788275442127762460e+00 7.848777310823149556e-01
3.220833333333333485e+03 2.462807603708648152e+00 7.484344743769838493e-01
3.225000000000000000e+03 2.462807603708648152e+00 6.987411331463114772e-01
3.229166666666666970e+03 2.432976596241342992e+00 6.738447441851964648e-01
3.233333333333333485e+03 2.289481226236333988e+00 6.436705679853728101e-01
3.237500000000000000e+03 2.238631445420720567e+00 6.237684429310647038e-01
3.241666666666666970e+03 2.238631445420720567e+00 6.049998297032433969e-01
3.245833333333333485e+03 2.238631445420720567e+00 6.056729587856928276e-01
3.250000000000000000e+03 2.261260146156153006e+00 5.965870868538381000e-01
3.254166666666666970e+03 2.261260146156153006e+00 6.127092054119478437e-01
3.258333333333333485e+03 2.788818730317225381e+00 6.052335931535720581e-01
3.262500000000000000e+03 2.788818730317225381e+00 5.927618063418512717e-01
3.266666666666666970e+03 2.975774663331619330e+00 5.764410636153918244e-01
3.270833333333333485e+03 2.975774663331619330e+00 5.559355896130608876e-01
3.275000000000000000e+03 2.975774663331619330e+00 5.302792617594064284e-01
3.279166666666666970e+03 2.975774663331619330e+00 5.236645203737224641e-01
3.283333333333333485e+03 2.903895309861179275e+00 5.495996364787283373e-01
3.287500000000000000e+03 2.903895309861179275e+00 5.434315710249622011e-01
3.291666666666666970e+03 2.903895309861179275e+00 5.465322180695658671e-01
3.295833333333333485e+03 2.639878848395181610e+00 5.414090270572471386e-01
3.300000000000000000e+03 2.639878848395181610e+00 5.514243869939797760e-01
3.304166666666666970e+03 2.639878848395181610e+00 5.317375004257419713e-01
3.308333333333333485e+03 2.442647790586493617e+00 5.380751980634351783e-01
3.312500000000000000e+03 2.442647790586493617e+00 5.832480326571028995e-01
3.316666666666666970e+03 2.330441334428770883e+00 5.999974247807533523e-01
3.320833333333333485e+03 2.442647790586493617e+00 6.108753170219499706e-01
3.325000000000000000e+03 2.495046025813665302e+00 6.304856946570847054e-01
3.329166666666666970e+03 2.330441334428770883e+00 6.355450036177676676e-01
3.333333333333333485e+03 2.330441334428770883e+00 6.619301185182354663e-01
3.337500000000000000e+03 2.280136503234392098e+00 6.690474430149671026e-01
3.341666666666666970e+03 2.280136503234392098e+00 6.849050616349652287e-01
3.345833333333333485e+03 2.280136503234392098e+00 6.902870206457819569e-01
3.350000000000000000e+03 2.228971050382087871e+00 6.929311062394239995e-01
3.354166666666666970e+03 2.228971050382087871e+00 6.982836579078752770e-01
3.358333333333333485e+03 2.280136503234392098e+00 6.879446510619456889e-01
3.362500000000000000e+03 2.288979473841172396e+00 6.821230772042422563e-01
3.366666666666666970e+03 2.814535202001028580e+00 6.867897898371880805e-01
3.370833333333333485e+03 2.288979473841172396e+00 8.441469004744219795e-01
3.375000000000000000e+03 2.288979473841172396e+00 7.878654838380071412e-01
3.379166666666666970e+03 2.832251879702371244e+00 7.323441722373089657e-01
3.383333333333333485e+03 2.832251879702371244e+00 6.945775851255336919e-01
3.387500000000000000e+03 2.691463812769931074e+00 6.722451176750589008e-01
3.391666666666666970e+03 2.432817929507111732e+00 6.466627235352609970e-01
3.395833333333333485e+03 2.432817929507111732e+00 6.153786278401137677e-01
3.400000000000000000e+03 2.434222670070386840e+00 5.916821249047792275e-01
3.404166666666666970e+03 2.691463812769931074e+00 5.711189992199579013e-01
3.408333333333333485e+03 2.691463812769931074e+00 5.522362456293959942e-01
3.412500000000000000e+03 3.077973485210350191e+00 5.413353425581564071e-01
3.416666666666666970e+03 3.125074245232313697e+00 5.252292568166468945e-01
3.420833333333333485e+03 3.125074245232313697e+00 5.248008566342217129e-01
3.425000000000000000e+03 3.234193761157552860e+00 5.131150931938617266e-01
3.429166666666666970e+03 3.234193761157552860e+00 5.201728553615649897e-01
3.433333333333333485e+03 3.416198627491213280e+00 4.989773887442982558e-01
3.437500000000000000e+03 3.416198627491213280e+00 5.123305651110957593e-01
3.441666666666666970e+03 3.423910993777107503e+00 5.002398276762966001e-01
3.445833333333333485e+03 3.416198627491213280e+00 4.991728561922808560e-01
3.450000000000000000e+03 3.423910993777107503e+00 4.926214153571122911e-01
3.454166666666666970e+03 3.423910993777107503e+00 4.869637417437225335e-01
3.458333333333333485e+03 3.463238745253497175e+00 4.748375327405899293e-01
3.462500000000000000e+03 3.463238745253497175e+00 4.984432384295814922e-01
3.466666666666666970e+03 3.463238745253497175e+00 4.935945990175953924e-01
3.470833333333333485e+03 3.073598935354521000e+00 5.028779321155592008e-01
3.475000000000000000e+03 2.823306731041610007e+00 4.996486902517983664e-01
3.479166666666666970e+03 2.823306731041610007e+00 4.931456801527853151e-01
3.483333333333333485e+03 2.823306731041610007e+00 4.970018632957323712e-01
3.487500000000000000e+03 2.823306731041610007e+00 4.958781539167008146e-01
3.491666666666666970e+03 3.109557303197176381e+00 5.057616792423206276e-01
3.495833333333333485e+03 3.109557303197176381e+00 5.128529192602309106e-01
3.500000000000000000e+03 3.109557303197176381e+00 5.133260119573245239e-01
3.504166666666666970e+03 3.201161174665491771e+00 5.282667694539122660e-01
3.508333333333333485e+03 3.109557303197176381e+00 5.352348973775130636e-01
3.512500000000000000e+03 2.864378155162774497e+00 5.448172051228588053e-01
3.516666666666666970e+03 2.864378155162774497e+00 5.534275752815503990e-01
3.520833333333333485e+03 2.864378155162774497e+00 5.522548536652431839e-01
3.525000000000000000e+03 3.449920708168678463e+00 5.628742271227076266e-01
3.529166666666666970e+03 3.449920708168678463e+00 5.802079448005907913e-01
3.533333333333333485e+03 2.864378155162774497e+00 5.834298763645546781e-01
3.537500000000000000e+03 2.825774787939002497e+00 5.929432346913600105e-01
3.541666666666666970e+03 2.825774787939002497e+00 5.789200859624799023e-01
3.545833333333333485e+03 2.825774787939002497e+00 5.896245247266737044e-01
3.550000000000000000e+03 2.822523365961084441e+00 5.805454646650844985e-01
3.554166666666666970e+03 2.822523365961084441e+00 5.823819282743289971e-01
3.558333333333333485e+03 2.825774787939002497e+00 5.733895118796524804e-01
3.562500000000000000e+03 2.933060083187888800e+00 5.527163163399323453e-01
3.566666666666666970e+03 2.933060083187888800e+00 6.403877449469630445e-01
3.570833333333333485e+03 2.933060083187888800e+00 6.038754557515030319e-01
3.575000000000000000e+03 2.933060083187888800e+00 5.728637517953847347e-01
3.579166666666666970e+03 2.963543202625726902e+00 5.489423740697020326e-01
3.583333333333333485e+03 2.933060083187888800e+00 5.128980271328422713e-01
3.587500000000000000e+03 2.933060083187888800e+00 5.083112293681326666e-01
3.591666666666666970e+03 3.127914462846647758e+00 5.050101305802301432e-01
3.595833333333333485e+03 3.127914462846647758e+00 4.986490898261395355e-01
3.600000000000000000e+03 3.127914462846647758e+00 4.961682399041021929e-01
3.604166666666666970e+03 3.127914462846647758e+00 4.667807516483480357e-01
3.608333333333333485e+03 3.114137039876855084e+00 4.609021076092744695e-01
3.612500000000000000e+03 3.114137039876855084e+00 4.612324002455596705e-01
3.616666666666666970e+03 3.114137039876855084e+00 4.465108686712949138e-01
3.620833333333333485e+03 3.114137039876855084e+00 4.462102325921409318e-01
3.625000000000000000e+03 3.449367451388583028e+00 4.347802465730893351e-01
3.629166666666666970e+03 3.700688912684284571e+00 4.437670971713293944e-01
3.633333333333333485e+03 3.700688912684284571e+00 4.475969466206893288e-01
3.637500000000000000e+03 3.700688912684284571e+00 4.343029172249769365e-01
3.641666666666666970e+03 3.710399150676078506e+00 4.338497617091481295e-01
3.645833333333333485e+03 3.700688912684284571e+00 4.233056511109579145e-01
3.650000000000000000e+03 3.546924232896182971e+00 4.198306834881095906e-01
3.654166666666666970e+03 3.369855480357307531e+00 4.137801643322165934e-01
3.658333333333333485e+03 3.211439622323330134e+00 4.110947921590389353e-01
3.662500000000000000e+03 3.211439622323330134e+00 4.091454342608830119e-01
3.666666666666666970e+03 3.369855480357307531e+00 4.122327898513102329e-01
3.670833333333333485e+03 3.369855480357307531e+00 4.224221016945773899e-01
3.675000000000000000e+03 3.529257398148001990e+00 4.338696988904128249e-01
3.679166666666666970e+03 3.529257398148001990e+00 4.385086656127651916e-01
3.683333333333333485e+03 3.529257398148001990e+00 4.442084565215766445e-01
3.687500000000000000e+03 3.529257398148001990e+00 4.474911964883978577e-01
3.691666666666666970e+03 3.524827190327808779e+00 4.410763253448924948e-01
3.695833333333333485e+03 3.344213773103247522e+00 4.466976966740628385e-01
3.700000000000000000e+03 3.288454461401201900e+00 4.593430200343751046e-01
3.704166666666666970e+03 3.184335024393972091e+00 4.677305091208451282e-01
3.708333333333333485e+03 3.184335024393972091e+00 4.694269971032937194e-01
3.712500000000000000e+03 3.184335024393972091e+00 4.739328000691155895e-01
3.716666666666666970e+03 3.184335024393972091e+00 4.787381591834395378e-01
3.720833333333333485e+03 3.117015470421946155e+00 4.911251299031966777e-01
3.725000000000000000e+03 3.079641562709496405e+00 5.030531300959227847e-01
3.729166666666666970e+03 3.079641562709496405e+00 5.323012242260012350e-01
3.733333333333333485e+03 3.079641562709496405e+00 5.120958048017039133e-01
3.737500000000000000e+03 2.990275639838143373e+00 5.219336407535922762e-01
3.741666666666666970e+03 2.829861079382379518e+00 5.345864405568787614e-01
3.745833333333333485e+03 2.787003616106252135e+00 5.365674487302923845e-01
3.750000000000000000e+03 2.787003616106252135e+00 5.366585782629896828e-01
3.754166666666666970e+03 2.787003616106252135e+00 5.459231371819293077e-01
3.758333333333333485e+03 2.753596376749591901e+00 8.252941357273457790e-01
3.762500000000000000e+03 2.701285366690452605e+00 7.958355381917475713e-01
3.766666666666666970e+03 2.753596376749591901e+00 7.325097339133944674e-01
3.770833333333333485e+03 2.753596376749591901e+00 7.020213809654746173e-01
3.775000000000000000e+03 2.894214146925396136e+00 6.675101201962816422e-01
3.779166666666666970e+03 2.753596376749591901e+00 6.524612865629213498e-01
3.783333333333333485e+03 2.894214146925396136e+00 6.177519831264989270e-01
3.787500000000000000e+03 2.894214146925396136e+00 5.902311965382407433e-01
3.791666666666666970e+03 2.916660090165902552e+00 5.537270483584639802e-01
3.795833333333333485e+03 2.916660090165902552e+00 5.459169068127841529e-01
3.800000000000000000e+03 3.036196783301946756e+00 5.214880447523262408e-01
3.804166666666666970e+03 3.343930498986110944e+00 5.028837471267614267e-01
3.808333333333333485e+03 3.467891584931146021e+00 4.968371323355327829e-01
3.812500000000000000e+03 3.343930498986110944e+00 4.766911921686752263e-01
3.816666666666666970e+03 3.343930498986110944e+00 4.696676554954763438e-01
3.820833333333333485e+03 3.467891584931146021e+00 4.559598465169329429e-01
3.825000000000000000e+03 3.467891584931146021e+00 4.360120320888932199e-01
3.829166666666666970e+03 3.467891584931146021e+00 4.265559931582240116e-01
3.833333333333333485e+03 3.329521731942936658e+00 4.254676722759372920e-01
3.837500000000000000e+03 3.329521731942936658e+00 4.165259295503086490e-01
3.841666666666666970e+03 3.432205691899108402e+00 4.093224598161958605e-01
3.845833333333333485e+03 3.432205691899108402e+00 4.000706108503125358e-01
3.850000000000000000e+03 3.432205691899108402e+00 3.975311123867215635e-01
3.854166666666666970e+03 3.432205691899108402e+00 3.990121126683341957e-01
3.858333333333333485e+03 3.729685881402016179e+00 3.887313390060152529e-01
3.862500000000000000e+03 3.780683529645342489e+00 3.876867968509222218e-01
3.866666666666666970e+03 3.816339516905483897e+00 3.836454471369792341e-01
3.870833333333333485e+03 3.816339516905483897e+00 3.791041726028239744e-01
3.875000000000000000e+03 3.816339516905483897e+00 3.887766130218038296e-01
3.879166666666666970e+03 3.816339516905483897e+00 3.803383671946973799e-01
3.883333333333333485e+03 3.816339516905483897e+00 3.941967849633778997e-01
3.887500000000000000e+03 3.812386140003871215e+00 3.772459442373654048e-01
3.891666666666666970e+03 3.812386140003871215e+00 3.832500263752293690e-01
3.895833333333333485e+03 3.812386140003871215e+00 3.862093686476194554e-01
3.900000000000000000e+03 3.706594471918065459e+00 3.816465785720160042e-01
3.904166666666666970e+03 3.812386140003871215e+00 3.895409547085392221e-01
3.908333333333333485e+03 3.866818798435928350e+00 3.907011325149674086e-01
3.912500000000000000e+03 3.873016769661591585e+00 3.894872073907130750e-01
3.916666666666666970e+03 3.873016769661591585e+00 3.928966315301538059e-01
3.920833333333333485e+03 3.873016769661591585e+00 3.956968086387806505e-01
3.925000000000000000e+03 3.716109491676642396e+00 4.023487660961586609e-01
3.929166666666666970e+03 3.873016769661591585e+00 4.035402618914902262e-01
3.933333333333333485e+03 3.873016769661591585e+00 4.091597225741227528e-01
3.937500000000000000e+03 3.716109491676642396e+00 4.098778764575949363e-01
3.941666666666666970e+03 3.688308753834792064e+00 4.154029678155744532e-01
3.945833333333333485e+03 3.625457620613716792e+00 4.225654001849173391e-01
3.950000000000000000e+03 3.625457620613716792e+00 4.238206118887073992e-01
3.954166666666666970e+03 3.625457620613716792e+00 4.340665785554017053e-01
3.958333333333333485e+03 3.591952356782504907e+00 4.320721958562230292e-01
3.962500000000000000e+03 3.498982788397557275e+00 4.420515027235020211e-01
3.966666666666666970e+03 3.276149066981453029e+00 4.483132729292122476e-01
3.970833333333333485e+03 3.276149066981453029e+00 4.457896411390444014e-01
3.975000000000000000e+03 3.286356073073092521e+00 4.513805251951974462e-01
3.979166666666666970e+03 3.286356073073092521e+00 4.592409250519821073e-01
3.983333333333333485e+03 3.286356073073092521e+00 4.670681793449140695e-01
3.987500000000000000e+03 3.286356073073092521e+00 4.690442862946000990e-01
3.991666666666666970e+03 3.522790274975265756e+00 8.190292088012687266e-01
3.995833333333333485e+03 3.732204611968456209e+00 7.651252179590806168e-01
4.000000000000000000e+03 3.786406331384197355e+00 7.179970443128774749e-01
4.004166666666666970e+03 3.786406331384197355e+00 6.948203203074313494e-01
4.008333333333333485e+03 3.732204611968456209e+00 6.784500669141646512e-01
4.012500000000000000e+03 2.988582640862416095e+00 6.417989650941491320e-01
4.016666666666666970e+03 3.786406331384197355e+00 6.080561165195330631e-01
4.020833333333333485e+03 4.000000000000000000e+00 5.779343584921177168e-01
4.025000000000000000e+03 3.616017365284881713e+00 5.586158944193337916e-01
4.029166666666666970e+03 3.616017365284881713e+00 5.567747788011274679e-01
4.033333333333333485e+03 4.000000000000000000e+00 5.389409701598546487e-01
4.037500000000000000e+03 4.000000000000000000e+00 5.137414529719276368e-01
4.041666666666666970e+03 4.000000000000000000e+00 5.006349992232806967e-01
4.045833333333333485e+03 3.691927352234335213e+00 4.868105577343387336e-01
4.050000000000000000e+03 3.691927352234335213e+00 4.592672587455692290e-01
4.054166666666666970e+03 3.749964486895872362e+00 4.518463906640826089e-01
4.058333333333333485e+03 3.749964486895872362e+00 4.353796911564479233e-01
4.062500000000000000e+03 3.691927352234335213e+00 4.392850526798479649e-01
4.066666666666666970e+03 3.749964486895872362e+00 4.271651571174491235e-01
4.070833333333333485e+03 3.749964486895872362e+00 4.202673908293951266e-01
4.075000000000000000e+03 3.976278077158553081e+00 4.054772421229443369e-01
4.079166666666666970e+03 3.749964486895872362e+00 4.042756115938031525e-01
4.083333333333333485e+03 3.634308898379356556e+00 3.841959625546507162e-01
4.087500000000000000e+03 3.527595135660058112e+00 3.958092044981604274e-01
4.091666666666666970e+03 3.496283792483848796e+00 3.728075123299005589e-01
4.095833333333333485e+03 3.496283792483848796e+00 3.611654445451456530e-01
4.100000000000000000e+03 3.538606274729374057e+00 3.532979005317412602e-01
4.104166666666666970e+03 3.496283792483848796e+00 3.540788565361971951e-01
4.108333333333333940e+03 3.496283792483848796e+00 3.515831367998000223e-01
4.112500000000000000e+03 3.496283792483848796e+00 3.481640763560813756e-01
4.116666666666666970e+03 3.496283792483848796e+00 3.401858809866578626e-01
4.120833333333333940e+03 3.436062705757941149e+00 3.418228897116668552e-01
4.125000000000000000e+03 3.436062705757941149e+00 3.405677610794654586e-01
4.129166666666666970e+03 3.436062705757941149e+00 3.345724014584048334e-01
4.133333333333333940e+03 3.436062705757941149e+00 3.302594907213189379e-01
4.137500000000000000e+03 3.392668600019439040e+00 3.414504797799599589e-01
4.141666666666666970e+03 3.366023387975055403e+00 3.389182085445774928e-01
4.145833333333333940e+03 3.392668600019439040e+00 3.351372051893160009e-01
4.150000000000000000e+03 3.528539659622472957e+00 3.334490243657277087e-01
4.154166666666666970e+03 3.392668600019439040e+00 3.301882983698862239e-01
4.158333333333333940e+03 3.392668600019439040e+00 3.399865922455995171e-01
4.162500000000000000e+03 3.366023387975055403e+00 3.419853777389741389e-01
4.166666666666666970e+03 3.528539659622472957e+00 3.344723001941383167e-01
4.170833333333333940e+03 3.528539659622472957e+00 3.429624657641215379e-01
4.175000000000000000e+03 3.203994746552736750e+00 3.459007909245951362e-01
4.179166666666666970e+03 3.184831792493817648e+00 3.507196076362727455e-01
4.183333333333333940e+03 3.203994746552736750e+00 3.466145420138713185e-01
4.187500000000000000e+03 3.203994746552736750e+00 3.516300722473606477e-01
4.191666666666666970e+03 3.263688328691016327e+00 3.570090406809876549e-01
4.195833333333333940e+03 3.263688328691016327e+00 3.664199717390455580e-01
4.200000000000000000e+03 3.305896172144268785e+00 3.658088971332826289e-01
4.204166666666666970e+03 3.312393201088902117e+00 3.771647832953004542e-01
4.208333333333333940e+03 3.326016941619779566e+00 3.765237198460517631e-01
4.212500000000000000e+03 3.312393201088902117e+00 3.795937134744609143e-01
4.216666666666666970e+03 3.326016941619779566e+00 3.872345551225680471e-01
4.220833333333333940e+03 3.326016941619779566e+00 3.843126781366378864e-01
4.225000000000000000e+03 3.326016941619779566e+00 3.840382926794823626e-01
4.229166666666666970e+03 3.321130670778156713e+00 3.949799839007261948e-01
4.233333333333333940e+03 3.321130670778156713e+00 3.962172521413778736e-01
4.237500000000000000e+03 3.172563780288939483e+00 3.991314034695680468e-01
4.241666666666666970e+03 3.321130670778156713e+00 4.028837471267614490e-01
4.245833333333333940e+03 3.172563780288939483e+00 4.066470562336504946e-01
4.250000000000000000e+03 3.143152284344079561e+00 4.080927510901069533e-01
4.254166666666666970e+03 3.087397956937349974e+00 4.179710429056448517e-01
4.258333333333333940e+03 3.071082696935738543e+00 4.128950365556526281e-01
4.262500000000000000e+03 3.004847227194979986e+00 6.897233799171111901e-01
4.266666666666666970e+03 3.004847227194979986e+00 6.525572342477578003e-01
4.270833333333333940e+03 2.667675432657601320e+00 6.344291029680648730e-01
4.275000000000000000e+03 2.525658736929724313e+00 6.124350691695582549e-01
4.279166666666666970e+03 2.525658736929724313e+00 5.984606834631881478e-01
4.283333333333333940e+03 2.621116299393328131e+00 5.600167306179446580e-01
4.287500000000000000e+03 2.621116299393328131e+00 5.464913468479731806e-01
4.291666666666666970e+03 2.621116299393328131e+00 5.236076994071180435e-01
4.295833333333333940e+03 2.621116299393328131e+00 5.072308002867631505e-01
4.300000000000000000e+03 2.797929191439306962e+00 4.923250159289771499e-01
4.304166666666666970e+03 2.797929191439306962e+00 4.764224555795448235e-01
4.308333333333333940e+03 2.797929191439306962e+00 4.682988018584776091e-01
4.312500000000000000e+03 2.801982254247243009e+00 4.481864226134155693e-01
4.316666666666666970e+03 3.063079580089734133e+00 4.256378859609846188e-01
4.320833333333333940e+03 3.063079580089734133e+00 4.113239036004057714e-01
4.325000000000000000e+03 2.801982254247243009e+00 4.117060329079791359e-01
4.329166666666666970e+03 2.801982254247243009e+00 4.070570145234058690e-01
4.333333333333333940e+03 2.959583179997026026e+00 4.064397095484976741e-01
4.337500000000000000e+03 2.959583179997026026e+00 3.834127636173024767e-01
4.341666666666666970e+03 3.155965246170191918e+00 3.756698269868024020e-01
4.345833333333333940e+03 2.959583179997026026e+00 3.665100213410911190e-01
4.350000000000000000e+03 2.959583179997026026e+00 3.635546665049539938e-01
4.354166666666666970e+03 3.027032325647272870e+00 3.610920923324092979e-01
4.358333333333333940e+03 3.027032325647272870e+00 3.441417500359285064e-01
4.362500000000000000e+03 3.078919670604536751e+00 3.455399279437040283e-01
4.366666666666666970e+03 3.078919670604536751e+00 3.473250533111920113e-01
4.370833333333333940e+03 3.078919670604536751e+00 3.356920403295948208e-01
4.375000000000000000e+03 3.230432279625613301e+00 3.371363229690450547e-01
4.379166666666666970e+03 3.253070118235791952e+00 3.337882887335819615e-01
4.383333333333333940e+03 3.253070118235791952e+00 3.319267375045793500e-01
4.387500000000000000e+03 3.253070118235791952e+00 3.210083063281444216e-01
4.391666666666666970e+03 3.253070118235791952e+00 3.188245204069510841e-01
4.395833333333333940e+03 3.281171575228384540e+00 3.231886863142049982e-01
4.400000000000000000e+03 3.281171575228384540e+00 3.203123325588292380e-01
4.404166666666666970e+03 3.253070118235791952e+00 3.206212757968434635e-01
4.408333333333333940e+03 3.281171575228384540e+00 3.224036598019074940e-01
4.412500000000000000e+03 3.384373901897438142e+00 3.213405096109674397e-01
4.416666666666666970e+03 3.384373901897438142e+00 3.208203153231360405e-01
4.420833333333333940e+03 3.384373901897438142e+00 3.315854794185986165e-01
4.425000000000000000e+03 3.321808534941156577e+00 3.238549204548003546e-01
4.429166666666666970e+03 3.225484535808424091e+00 3.208255488332180105e-01
4.433333333333333940e+03 3.321808534941156577e+00 3.205486712284045248e-01
4.437500000000000000e+03 3.225484535808424091e+00 3.239850936341410748e-01
4.441666666666666970e+03 3.225484535808424091e+00 3.239585107257881846e-01
4.445833333333333940e+03 3.321808534941156577e+00 3.284014284990376398e-01
4.450000000000000000e+03 3.404469749896368302e+00 3.231771393633892098e-01
4.454166666666666970e+03 3.510663484471012730e+00 3.288326531154753263e-01
4.458333333333333940e+03 3.519635216040127190e+00 3.285319339647328474e-01
4.462500000000000000e+03 3.754677138117315405e+00 3.349968972761656616e-01
4.466666666666666970e+03 3.754677138117315405e+00 3.367610055317371009e-01
4.470833333333333940e+03 3.754677138117315405e+00 3.351009859766851395e-01
4.475000000000000000e+03 3.754677138117315405e+00 3.407866547154341230e-01
4.479166666666666970e+03 3.423071140016331615e+00 3.388157812758300635e-01
4.483333333333333940e+03 3.423071140016331615e+00 3.402598977721030815e-01
4.487500000000000000e+03 3.423071140016331615e+00 3.418693267296958327e-01
4.491666666666666970e+03 3.412261864907321751e+00 3.488595516958649667e-01
4.495833333333333940e+03 3.423071140016331615e+00 3.568112472285241421e-01
4.500000000000000000e+03 3.423071140016331615e+00 3.589023252568366296e-01
4.504166666666666970e+03 3.423071140016331615e+00 3.584925331102584711e-01
4.508333333333333940e+03 3.582564436554489973e+00 3.698809833350086285e-01
4.512500000000000000e+03 3.560389306692829159e+00 3.691568482971571141e-01
4.516666666666666970e+03 3.328532349322676165e+00 3.839456678581901761e-01
4.520833333333333940e+03 3.397274088891584221e+00 3.960619913422790406e-01
4.525000000000000000e+03 3.280951435518586923e+00 3.944479934473130722e-01
4.529166666666666970e+03 3.280951435518586923e+00 3.901302645580882467e-01
4.533333333333333940e+03 3.280951435518586923e+00 4.041302363137481146e-01
4.537500000000000000e+03 3.137137070613342349e+00 4.093201338117149479e-01
4.541666666666666970e+03 3.091728478851220263e+00 4.199212315196867440e-01
4.545833333333333940e+03 3.137137070613342349e+00 4.312504517017630712e-01
4.550000000000000000e+03 3.091728478851220263e+00 4.453050014911350551e-01
4.554166666666666970e+03 2.888563617468625999e+00 4.492425117193243889e-01
4.558333333333333940e+03 2.683993184806871213e+00 4.806582758824071711e-01
4.562500000000000000e+03 2.683993184806871213e+00 4.773016852733179549e-01
4.566666666666666970e+03 2.530461105466858207e+00 4.922298989600267793e-01
4.570833333333333940e+03 2.530461105466858207e+00 4.993915006134836965e-01
4.575000000000000000e+03 2.388805771149403512e+00 8.639711043786204581e-01
4.579166666666666970e+03 2.530461105466858207e+00 8.198272775529767964e-01
4.583333333333333940e+03 2.530461105466858207e+00 7.753749228472621713e-01
4.587500000000000000e+03 2.530461105466858207e+00 7.305693477468078179e-01
4.591666666666666970e+03 2.530461105466858207e+00 7.234400609413174088e-01
4.595833333333333940e+03 2.812092897296103011e+00 6.911535403864988991e-01
4.600000000000000000e+03 3.053389279279204782e+00 6.541286994893589224e-01
4.604166666666666970e+03 3.054526529327178164e+00 6.450076882755252372e-01
4.608333333333333940e+03 3.054526529327178164e+00 6.340164863874742096e-01
4.612500000000000000e+03 3.054526529327178164e+00 6.240164116230444424e-01
4.616666666666666970e+03 3.054526529327178164e+00 6.358841849140334235e-01
4.620833333333333940e+03 3.286421699628088611e+00 6.299148267002054880e-01
4.625000000000000000e+03 3.054526529327178164e+00 6.090927668737087242e-01
4.629166666666666970e+03 2.695693818061591251e+00 5.889903562192790876e-01
4.633333333333333940e+03 2.695693818061591251e+00 6.058729951710485340e-01
4.637500000000000000e+03 2.541954059750071160e+00 6.004439345694939645e-01
4.641666666666666970e+03 2.541954059750071160e+00 5.948229785982667162e-01
4.645833333333333940e+03 2.541954059750071160e+00 6.994980814616612586e-01
4.650000000000000000e+03 2.472140696688184924e+00 6.336259668494519381e-01
4.654166666666666970e+03 2.412357397234214496e+00 5.701235523737291366e-01
4.658333333333333940e+03 2.412357397234214496e+00 5.514069419603732092e-01
4.662500000000000000e+03 2.412357397234214496e+00 5.376661535611544362e-01
4.666666666666666970e+03 2.472140696688184924e+00 5.584500004568937470e-01
4.670833333333333940e+03 2.472140696688184924e+00 6.555425779273804654e-01
4.675000000000000000e+03 2.588671029032689752e+00 5.995735104641126689e-01
4.679166666666666970e+03 2.588671029032689752e+00 5.529495813607292476e-01
4.683333333333333940e+03 2.588671029032689752e+00 5.201814948067796651e-01
4.687500000000000000e+03 2.190345253829392824e+00 4.991968638813870651e-01
4.691666666666666970e+03 2.190345253829392824e+00 4.684652773220378541e-01
4.695833333333333940e+03 2.190345253829392824e+00 4.520475069800902190e-01
4.700000000000000000e+03 2.474806463966452430e+00 4.393083957962453656e-01
4.704166666666666970e+03 2.474806463966452430e+00 4.349246249940811326e-01
4.708333333333333940e+03 2.841136386103452871e+00 4.184752874484644614e-01
4.712500000000000000e+03 2.841136386103452871e+00 4.150010674699136093e-01
4.716666666666666970e+03 2.841136386103452871e+00 4.066281159114490396e-01
4.720833333333333940e+03 2.841136386103452871e+00 4.032615567117275313e-01
4.725000000000000000e+03 2.841136386103452871e+00 4.003287973476903350e-01
4.729166666666666970e+03 2.734130211392271637e+00 3.978568360856335473e-01
4.733333333333333940e+03 2.520175181366046235e+00 4.040502383739234538e-01
4.737500000000000000e+03 2.456005702033841942e+00 4.022999200020602184e-01
4.741666666666666970e+03 2.429520818155461725e+00 4.138415542361941757e-01
4.745833333333333940e+03 2.383646194781276595e+00 4.241493261648090485e-01
4.750000000000000000e+03 2.143835963518281318e+00 4.349141579739171926e-01
4.754166666666666970e+03 2.143835963518281318e+00 4.471624822122960974e-01
4.758333333333333940e+03 2.143835963518281318e+00 4.632259522288523224e-01
4.762500000000000000e+03 2.052725537286267166e+00 4.819356677003541756e-01
4.766666666666666970e+03 2.001805145620341175e+00 5.026571278330527193e-01
4.770833333333333940e+03 2.052725537286267166e+00 5.229984523763042681e-01
4.775000000000000000e+03 2.053088560128462081e+00 5.359142568291076492e-01
4.779166666666666970e+03 2.052725537286267166e+00 5.530369726719395196e-01
4.783333333333333940e+03 2.053088560128462081e+00 5.662824051883191823e-01
4.787500000000000000e+03 2.053088560128462081e+00 5.788691630786663156e-01
4.791666666666666970e+03 2.053088560128462081e+00 5.802361891407158412e-01
4.795833333333333940e+03 2.053088560128462081e+00 5.877762649518475380e-01
4.800000000000000000e+03 1.884876900366428742e+00 5.888790402905511590e-01
4.804166666666666970e+03 1.884876900366428742e+00 5.793282166772860675e-01
4.808333333333333940e+03 2.200083736161311698e+00 5.712208449875849636e-01
4.812500000000000000e+03 2.200083736161311698e+00 5.548264177620348958e-01
4.816666666666666970e+03 2.143443034904189748e+00 5.481484588974240291e-01
4.820833333333333940e+03 2.143443034904189748e+00 5.074696311039964547e-01
4.825000000000000000e+03 2.200083736161311698e+00 4.705723050953620201e-01
4.829166666666666970e+03 2.201334794285672025e+00 4.675825586215433538e-01
4.833333333333333940e+03 2.201334794285672025e+00 4.509486360060510068e-01
4.837500000000000000e+03 2.201334794285672025e+00 4.484194384194467031e-01
4.841666666666666970e+03 2.143443034904189748e+00 4.338441959127116720e-01
4.845833333333333940e+03 2.309396808887995700e+00 4.233724406681946828e-01
4.850000000000000000e+03 2.436727278466764179e+00 4.107570230797794597e-01
4.854166666666666970e+03 2.412909823298424072e+00 4.048375908907018705e-01
4.858333333333333940e+03 2.412909823298424072e+00 3.989926739166011482e-01
4.862500000000000000e+03 2.298345795456150142e+00 4.001768594121356548e-01
4.866666666666666970e+03 2.298345795456150142e+00 3.895974433887892108e-01
4.870833333333333940e+03 2.298345795456150142e+00 3.874177279754374426e-01
4.875000000000000000e+03 2.296121138313364618e+00 3.868065702980857945e-01
4.879166666666666970e+03 2.239632458063385290e+00 3.882751929129966695e-01
4.883333333333333940e+03 2.239632458063385290e+00 3.846274363858542267e-01
4.887500000000000000e+03 2.203932442861284979e+00 4.031518191431830433e-01
4.891666666666666970e+03 2.085742340176493848e+00 4.015230345054457417e-01
4.895833333333333940e+03 2.085742340176493848e+00 4.130414086947709063e-01
4.900000000000000000e+03 2.203932442861284979e+00 4.101305802301249415e-01
4.904166666666666970e+03 2.455021303708897484e+00 4.179122282209139505e-01
4.908333333333333940e+03 2.596855241941848469e+00 4.884539629716701525e-01
4.912500000000000000e+03 2.455021303708897484e+00 4.722255958517371233e-01
4.916666666666666970e+03 2.455021303708897484e+00 4.440355845456939177e-01
4.920833333333333940e+03 2.455021303708897484e+00 4.514531297636364404e-01
4.925000000000000000e+03 2.105692812895369137e+00 4.471844961832759369e-01
4.929166666666666970e+03 2.105692812895369137e+00 4.634437659341690829e-01
4.933333333333333940e+03 1.981761632722231159e+00 4.561936930388501565e-01
4.937500000000000000e+03 1.862696786209451671e+00 4.687936593117851269e-01
4.941666666666666970e+03 1.981761632722231159e+00 4.674763100597201793e-01
4.945833333333333940e+03 2.086666096241758250e+00 4.749243425506799454e-01
4.950000000000000000e+03 2.105692812895369137e+00 4.645092421295900498e-01
4.954166666666666970e+03 2.086666096241758250e+00 4.727713761888582833e-01
4.958333333333333940e+03 2.086666096241758250e+00 4.735285737189738331e-01
4.962500000000000000e+03 2.121468938286947825e+00 4.785979343418778065e-01
4.966666666666666970e+03 2.632078426225368251e+00 4.623124970405746992e-01
4.970833333333333940e+03 2.632078426225368251e+00 4.614391654295922351e-01
4.975000000000000000e+03 2.581025950733563779e+00 4.685356389575845437e-01
4.979166666666666970e+03 2.581025950733563779e+00 4.640305005644714820e-01
4.983333333333333940e+03 2.581025950733563779e+00 4.509186471625652448e-01
4.987500000000000000e+03 2.581025950733563779e+00 4.450080205618796025e-01
4.991666666666666970e+03 2.581025950733563779e+00 4.405298804350625819e-01
4.995833333333333940e+03 2.581025950733563779e+00 4.348239422286944156e-01
5.000000000000000000e+03 2.651145017241508306e+00 4.406083000147036910e-01
5.004166666666666970e+03 2.651145017241508306e+00 4.407813381337635783e-01
5.008333333333333940e+03 2.651145017241508306e+00 4.320108059522455024e-01
5.012500000000000000e+03 2.699628088497824763e+00 4.182861334412156240e-01
5.016666666666666970e+03 2.699628088497824763e+00 4.055863151187799609e-01
5.020833333333333940e+03 2.699628088497824763e+00 4.094371816800564390e-01
5.025000000000000000e+03 2.651145017241508306e+00 3.994147606582925114e-01
5.029166666666666970e+03 2.591113333737615321e+00 3.928663104003137230e-01
5.033333333333333940e+03 2.699628088497824763e+00 3.911579431806948559e-01
5.037500000000000000e+03 2.612933747915941574e+00 3.792735555719852769e-01
5.041666666666666970e+03 2.612933747915941574e+00 3.773909872310661773e-01
5.045833333333333940e+03 2.951127322993136293e+00 3.757131903560531616e-01
5.050000000000000000e+03 2.795260101297495581e+00 3.718471216940623103e-01
5.054166666666666970e+03 2.951127322993136293e+00 3.756431610068609039e-01
5.058333333333333940e+03 3.008911089309434406e+00 3.697874447262417541e-01
5.062500000000000000e+03 2.951127322993136293e+00 3.666666112856076243e-01
5.066666666666666970e+03 2.951127322993136293e+00 3.666600486301079820e-01
5.070833333333333940e+03 2.951127322993136293e+00 3.699877303263633954e-01
5.075000000000000000e+03 3.008911089309434406e+00 3.673090038802739321e-01
5.079166666666666970e+03 3.008911089309434406e+00 3.666292290707363066e-01
5.083333333333333940e+03 2.802595322571132197e+00 3.768249374263259455e-01
5.087500000000000000e+03 2.646615954230877588e+00 3.798435928129784145e-01
5.091666666666666970e+03 2.636185485565896158e+00 3.770868621451909375e-01
5.095833333333333940e+03 2.636185485565896158e+00 3.833214679414279069e-01
5.100000000000000000e+03 2.525614708987764523e+00 3.838442374485060427e-01
5.104166666666666970e+03 2.517642328629543069e+00 3.909719458938129000e-01
5.108333333333333940e+03 2.525614708987764523e+00 3.927993546998997387e-01
5.112500000000000000e+03 2.502372939928442452e+00 3.952760510425069040e-01
5.116666666666666970e+03 2.502372939928442452e+00 4.031648613825937200e-01
5.120833333333333940e+03 2.502372939928442452e+00 4.083639798268954846e-01
5.125000000000000000e+03 2.551868653849828306e+00 4.049770680879661855e-01
5.129166666666666970e+03 2.787432265503443141e+00 4.066327679204108092e-01
5.133333333333333940e+03 2.787432265503443141e+00 4.080596055262543653e-01
5.137500000000000000e+03 2.551868653849828306e+00 4.033948035398465803e-01
5.141666666666666970e+03 2.607362136468344360e+00 4.126833701478923588e-01
5.145833333333333940e+03 2.607362136468344360e+00 4.032255867138623828e-01
5.150000000000000000e+03 2.607362136468344360e+00 3.989683339411405072e-01
5.154166666666666970e+03 2.607362136468344360e+00 3.958915284424658898e-01
5.158333333333333940e+03 2.607362136468344360e+00 3.906238759375667557e-01
5.162500000000000000e+03 2.667474399413182429e+00 3.883170609936524853e-01
5.166666666666666970e+03 2.667474399413182429e+00 3.793679248966381756e-01
5.170833333333333940e+03 2.667474399413182429e+00 3.845275843363535895e-01
5.175000000000000000e+03 2.627997119077307264e+00 3.726576511840609118e-01
5.179166666666666970e+03 2.627997119077307264e+00 3.673783686567573259e-01
5.183333333333333940e+03 2.627997119077307264e+00 3.835112034497969447e-01
5.187500000000000000e+03 2.465379500091794185e+00 3.614223849686944989e-01
5.191666666666666970e+03 2.465379500091794185e+00 3.569863621372990625e-01
5.195833333333333940e+03 2.627997119077307264e+00 3.832116473012948110e-01
5.200000000000000000e+03 2.815511293167112683e+00 3.514036190968291007e-01
5.204166666666666970e+03 2.827083165459498115e+00 3.415437691739610648e-01
5.208333333333333940e+03 2.827083165459498115e+00 3.326877563277705896e-01
5.212500000000000000e+03 2.827083165459498115e+00 3.334784317080931038e-01
5.216666666666666970e+03 2.827083165459498115e+00 3.412006835130310667e-01
5.220833333333333940e+03 2.855001034241278379e+00 3.312802744020714729e-01
5.225000000000000000e+03 2.827083165459498115e+00 3.171492987511848050e-01
5.229166666666666970e+03 2.750690532580261749e+00 3.135352692890152060e-01
5.233333333333333940e+03 2.688774785446854665e+00 3.135933363294486353e-01
5.237500000000000000e+03 2.583500653358044463e+00 3.209590448761028836e-01
5.241666666666666970e+03 2.688774785446854665e+00 3.179203692365970557e-01
5.245833333333333940e+03 2.688774785446854665e+00 3.101747743152616921e-01
5.250000000000000000e+03 2.648852241396068230e+00 3.500468108401777467e-01
5.254166666666666970e+03 2.648852241396068230e+00 3.339702985842109562e-01
5.258333333333333940e+03 2.512070717181945856e+00 3.147575846437183911e-01
5.262500000000000000e+03 2.648852241396068230e+00 3.181530527562737576e-01
5.266666666666666970e+03 2.716604598344715793e+00 3.327561242451907986e-01
5.270833333333333940e+03 2.716604598344715793e+00 3.243847510469097251e-01
5.275000000000000000e+03 2.716604598344715793e+00 3.472545255324681612e-01
5.279166666666666970e+03 2.716604598344715793e+00 3.358255363724796938e-01
5.283333333333333940e+03 2.642297893055298275e+00 3.421176277080300032e-01
5.287500000000000000e+03 2.642297893055298275e+00 3.431589300711674340e-01
5.291666666666666970e+03 2.642297893055298275e+00 3.529364560497300074e-01
5.295833333333333940e+03 2.642297893055298275e+00 3.627002752161730403e-01
5.300000000000000000e+03 2.461755086681049143e+00 3.535411341431705656e-01
5.304166666666666970e+03 2.354156611543129607e+00 3.839311303301847222e-01
5.308333333333333940e+03 2.354156611543129607e+00 3.621484306530839414e-01
5.312500000000000000e+03 2.321109902881005826e+00 3.453855809320798276e-01
5.316666666666666970e+03 2.111688920160727179e+00 3.621229276753828441e-01
5.320833333333333940e+03 2.111688920160727179e+00 3.726084728036079818e-01
5.325000000000000000e+03 2.111688920160727179e+00 3.610232259854574965e-01
5.329166666666666970e+03 2.154785629612030906e+00 3.607113752418421582e-01
5.333333333333333940e+03 2.260078037450333532e+00 3.610763087305747798e-01
5.337500000000000000e+03 2.260078037450333532e+00 3.589298219526641520e-01
5.341666666666666970e+03 2.350967493256663765e+00 3.543311449507842714e-01
5.345833333333333940e+03 2.350967493256663765e+00 3.538680208443230613e-01
5.350000000000000000e+03 2.350967493256663765e+00 3.541040272275439160e-01
5.354166666666666970e+03 2.420653756787987110e+00 3.455911000422834389e-01
5.358333333333333940e+03 2.420653756787987110e+00 3.401856317718920941e-01
5.362500000000000000e+03 2.420653756787987110e+00 3.408283566529127784e-01
5.366666666666666970e+03 2.276768781032430411e+00 3.332787276090917183e-01
5.370833333333333940e+03 2.276768781032430411e+00 3.287274844843040555e-01
5.375000000000000000e+03 2.493093843481497096e+00 3.271034349271171870e-01
5.379166666666666970e+03 2.493093843481497096e+00 3.195248138988736608e-01
5.383333333333333940e+03 2.508886583190796493e+00 3.388574832133087744e-01
5.387500000000000000e+03 2.508886583190796493e+00 3.479967701766351063e-01
5.391666666666666970e+03 2.579255695180435737e+00 3.321473756439086711e-01
5.395833333333333940e+03 2.579255695180435737e+00 3.107327661759073933e-01
5.400000000000000000e+03 2.508886583190796493e+00 3.060578294556900447e-01
5.404166666666666970e+03 2.508886583190796493e+00 2.987797614350118924e-01
5.408333333333333940e+03 2.365705223790706135e+00 2.904950319036436190e-01
5.412500000000000000e+03 2.365705223790706135e+00 2.853987560860322681e-01
5.416666666666666970e+03 2.365705223790706135e+00 3.063484138726230155e-01
5.420833333333333940e+03 2.365705223790706135e+00 2.871577969746988979e-01
5.425000000000000000e+03 2.277636879133330794e+00 2.780175131523092702e-01
5.429166666666666970e+03 2.517419696772087434e+00 2.728895870594402195e-01
5.433333333333333940e+03 2.277636879133330794e+00 2.771956028546720963e-01
5.437500000000000000e+03 2.277636879133330794e+00 2.729596994802210852e-01
5.441666666666666970e+03 2.137043199718221320e+00 2.734273925240554570e-01
5.445833333333333940e+03 2.277636879133330794e+00 2.820802953361117860e-01
5.450000000000000000e+03 2.277636879133330794e+00 2.692981530693706049e-01
5.454166666666666970e+03 2.348186256470238487e+00 2.786262617535913977e-01
5.458333333333333940e+03 2.137043199718221320e+00 2.729344457172858118e-01
5.462500000000000000e+03 2.348186256470238487e+00 2.904848140982455029e-01
5.466666666666666970e+03 2.351439339879928259e+00 2.740065676397949734e-01
5.470833333333333940e+03 2.421021763925498060e+00 2.772352280024356630e-01
5.475000000000000000e+03 2.421021763925498060e+00 2.885107008666858985e-01
5.479166666666666970e+03 2.351439339879928259e+00 2.911005407129702571e-01
5.483333333333333940e+03 2.539491817863880563e+00 2.914202832575028546e-01
5.487500000000000000e+03 2.539491817863880563e+00 2.916361032446931900e-01
5.491666666666666970e+03 2.351439339879928259e+00 2.871851275273492599e-01
5.495833333333333940e+03 2.336984052747136165e+00 2.964325736990366389e-01
5.500000000000000000e+03 2.336984052747136165e+00 2.923683792982278429e-01
5.504166666666666970e+03 2.254084422332633508e+00 3.063077918657962084e-01
5.508333333333333940e+03 2.336984052747136165e+00 2.970192252577503744e-01
5.512500000000000000e+03 2.254084422332633508e+00 3.027568968109647929e-01
5.516666666666666970e+03 2.336984052747136165e+00 3.021196546547919026e-01
5.520833333333333940e+03 2.411575693585461533e+00 3.073263326136564944e-01
5.525000000000000000e+03 2.411575693585461533e+00 3.067697529700169623e-01
5.529166666666666970e+03 2.280755386569484067e+00 3.153091799920417770e-01
5.533333333333333940e+03 2.411575693585461533e+00 3.100356294043518091e-01
5.537500000000000000e+03 2.280755386569484067e+00 3.088670613674746601e-01
5.541666666666666970e+03 2.280755386569484067e+00 3.115531811849497346e-01
5.545833333333333940e+03 2.142045770783888692e+00 3.131648530754348458e-01
5.550000000000000000e+03 2.108772276684878655e+00 3.116865110846574471e-01
5.554166666666666970e+03 2.108772276684878655e+00 3.111611663583326304e-01
5.558333333333333940e+03 2.085554598386251346e+00 3.101363952413271341e-01
5.562500000000000000e+03 2.085554598386251346e+00 3.072034697341127774e-01
5.566666666666666970e+03 2.085554598386251346e+00 3.041814084123274919e-01
5.570833333333333940e+03 2.052669879321903146e+00 3.008048806219736360e-01
5.575000000000000000e+03 2.052669879321903146e+00 2.987724511352147783e-01
5.579166666666666970e+03 2.052669879321903146e+00 2.914214462597433108e-01
5.583333333333333940e+03 2.151201090563815033e+00 2.953728294432293455e-01
5.587500000000000000e+03 2.151201090563815033e+00 2.934132537396752505e-01
5.591666666666666970e+03 2.239525295714087427e+00 2.889498172840408996e-01
5.595833333333333940e+03 2.276215524252334976e+00 3.090778139877602415e-01
5.600000000000000000e+03 2.276215524252334976e+00 2.915490442198373500e-01
5.604166666666666970e+03 2.239525295714087427e+00 2.892345866897716444e-01
5.608333333333333940e+03 2.237231689152761493e+00 2.844492478283009995e-01
5.612500000000000000e+03 2.237231689152761493e+00 2.746168115296719336e-01
5.616666666666666970e+03 2.239525295714087427e+00 2.726159492465822232e-01
5.620833333333333940e+03 2.276215524252334976e+00 2.689984307776913108e-01
5.625000000000000000e+03 2.280325906456406759e+00 2.629509021989880346e-01
5.629166666666666970e+03 2.319225008535605870e+00 2.590721235839409387e-01
5.633333333333333940e+03 2.323396863715244010e+00 2.569056165531770075e-01
5.637500000000000000e+03 2.323396863715244010e+00 2.543398674675875770e-01
5.641666666666666970e+03 2.335378278939441721e+00 2.527305215815833783e-01
5.645833333333333940e+03 2.323396863715244010e+00 2.486790371338308547e-01
5.650000000000000000e+03 2.323396863715244010e+00 2.455700829303668897e-01
5.654166666666666970e+03 2.323396863715244010e+00 2.455272179906478336e-01
5.658333333333333940e+03 2.323396863715244010e+00 2.425526736175434017e-01
5.662500000000000000e+03 2.384942111563482126e+00 2.372666622915630130e-01
5.666666666666666970e+03 2.399633322007906688e+00 2.399556065430505924e-01
5.670833333333333940e+03 2.420672863253365836e+00 2.402156206153777396e-01
5.675000000000000000e+03 2.468782943076855307e+00 2.414665125965603509e-01
5.679166666666666970e+03 2.475965312627463000e+00 2.383524910261916319e-01
5.683333333333333940e+03 2.475965312627463000e+00 2.397444385648219989e-01
5.687500000000000000e+03 2.475965312627463000e+00 2.445210549094893604e-01
5.691666666666666970e+03 2.399633322007906688e+00 2.763347319819801085e-01
5.695833333333333940e+03 2.349200560567080043e+00 2.663086558103176515e-01
5.700000000000000000e+03 2.293164620474986926e+00 2.488347132908726722e-01
5.704166666666666970e+03 2.286372687390812786e+00 2.416848247314088149e-01
5.708333333333333940e+03 2.286372687390812786e+00 2.422263684175111620e-01
5.712500000000000000e+03 2.264186758222633600e+00 2.454258706525522804e-01
5.716666666666666970e+03 2.066089263744817384e+00 2.479087973643046561e-01
5.720833333333333940e+03 2.066089263744817384e+00 2.810947340089268720e-01
5.725000000000000000e+03 2.066089263744817384e+00 2.474824739715945077e-01
5.729166666666666970e+03 2.031476655637528772e+00 2.475338122133511065e-01
5.733333333333333940e+03 1.826357119775108506e+00 2.663673874234599448e-01
5.737500000000000000e+03 1.813854014974484841e+00 2.592549641504559577e-01
5.741666666666666970e+03 1.826357119775108506e+00 2.739875442460049104e-01
5.745833333333333940e+03 2.031476655637528772e+00 2.637609332594549882e-01
5.750000000000000000e+03 1.830255669428243248e+00 2.796461316468693004e-01
5.754166666666666970e+03 1.840087191939397737e+00 2.717661268951744868e-01
5.758333333333333940e+03 1.838387547236582042e+00 2.786275908990090699e-01
5.762500000000000000e+03 1.840087191939397737e+00 2.823241935202499553e-01
5.766666666666666970e+03 1.840087191939397737e+00 2.747655096732711244e-01
5.770833333333333940e+03 1.840087191939397737e+00 2.963564801238763868e-01
5.775000000000000000e+03 1.840087191939397737e+00 2.773266898214875043e-01
5.779166666666666970e+03 1.854489313255484273e+00 2.750552633743181263e-01
5.783333333333333940e+03 2.044330322542057488e+00 2.918750171335151578e-01
5.787500000000000000e+03 2.044330322542057488e+00 2.740515924408177262e-01
5.791666666666666970e+03 2.044330322542057488e+00 2.969025927473518678e-01
5.795833333333333940e+03 2.376193842567709602e+00 2.749682874210508388e-01
5.800000000000000000e+03 2.399887521069031582e+00 2.694686159691838112e-01
5.804166666666666970e+03 2.399887521069031582e+00 2.703356341394323459e-01
5.808333333333333940e+03 2.399887521069031582e+00 2.802593661139360370e-01
5.812500000000000000e+03 2.270112254637679516e+00 2.654400592798856207e-01
5.816666666666666970e+03 2.399887521069031582e+00 2.767320633902678462e-01
5.820833333333333940e+03 2.409060285882564934e+00 2.597988338410392450e-01
5.825000000000000000e+03 2.409060285882564934e+00 2.839862898650170053e-01
5.829166666666666970e+03 2.409060285882564934e+00 2.797041986873027852e-01
5.833333333333333940e+03 2.409060285882564934e+00 2.727655611776561018e-01
5.837500000000000000e+03 2.409060285882564934e+00 2.714688136795646578e-01
5.841666666666666970e+03 2.409060285882564934e+00 2.709467087451953859e-01
5.845833333333333940e+03 2.284496100204273183e+00 2.504103321119040548e-01
5.850000000000000000e+03 2.284496100204273183e+00 2.427304468171536389e-01
5.854166666666666970e+03 2.284496100204273183e+00 2.376298512769349502e-01
5.858333333333333940e+03 2.273440102477112035e+00 2.372314399379953642e-01
5.862500000000000000e+03 2.100873830040514090e+00 2.352303284401398575e-01
5.866666666666666970e+03 2.273440102477112035e+00 2.346258995614650678e-01
5.870833333333333940e+03 2.300198291881994983e+00 2.316869098282827444e-01
5.875000000000000000e+03 2.300198291881994983e+00 2.384049922701886870e-01
5.879166666666666970e+03 2.273440102477112035e+00 2.259179202861650304e-01
5.883333333333333940e+03 2.036823143080012333e+00 2.225536870909243792e-01
5.887500000000000000e+03 2.036823143080012333e+00 2.208292870547051423e-01
5.891666666666666970e+03 2.038888302772680738e+00 2.166605055238453037e-01
5.895833333333333940e+03 2.038888302772680738e+00 2.142415439353171636e-01
5.900000000000000000e+03 2.038888302772680738e+00 2.148593473397569786e-01
5.904166666666666970e+03 2.071392553961227012e+00 2.114108795536729646e-01
5.908333333333333940e+03 2.236757350381838538e+00 2.188344059259948460e-01
5.912500000000000000e+03 2.236757350381838538e+00 2.100323896123962863e-01
5.916666666666666970e+03 2.236757350381838538e+00 2.071110941275863537e-01
5.920833333333333940e+03 2.236757350381838538e+00 2.072742467276024458e-01
5.925000000000000000e+03 2.189052659910731613e+00 2.061466329839065359e-01
5.929166666666666970e+03 2.189052659910731613e+00 2.078859028344856863e-01
5.933333333333333940e+03 2.135949146896320983e+00 2.067835428537250775e-01
5.937500000000000000e+03 2.116072607891302582e+00 2.100345494736999552e-01
5.941666666666666970e+03 2.135949146896320983e+00 2.124082370464395464e-01
5.945833333333333940e+03 2.145734149317857664e+00 2.117273823062500726e-01
5.950000000000000000e+03 2.189052659910731613e+00 2.140070328406911138e-01
5.954166666666666970e+03 2.145734149317857664e+00 2.239066740544999323e-01
5.958333333333333940e+03 2.116072607891302582e+00 2.181021298724601931e-01
5.962500000000000000e+03 2.145734149317857664e+00 2.211180438966888484e-01
5.966666666666666970e+03 2.145734149317857664e+00 2.226109234154717564e-01
5.970833333333333940e+03 2.093548577357509544e+00 2.248757041355529118e-01
5.975000000000000000e+03 2.093548577357509544e+00 2.268549678056058505e-01
5.979166666666666970e+03 2.008818049130199235e+00 2.285110829959934586e-01
5.983333333333333940e+03 2.008818049130199235e+00 2.295455734888655064e-01
5.987500000000000000e+03 1.948147545109949696e+00 2.300704197856587030e-01
5.991666666666666970e+03 1.948147545109949696e+00 2.290787942325057391e-01
5.995833333333333940e+03 1.948147545109949696e+00 2.317602620410190717e-01
6.000000000000000000e+03 1.948147545109949696e+00 2.368548764268583740e-01
6.004166666666666970e+03 1.948147545109949696e+00 2.398216120706341270e-01
6.008333333333333940e+03 1.961654154700896768e+00 2.433593818144662857e-01
6.012500000000000000e+03 1.961654154700896768e+00 2.412747833700648603e-01
6.016666666666666970e+03 2.058399326787846206e+00 2.474941870655875398e-01
6.020833333333333940e+03 2.058399326787846206e+00 2.515238236855374954e-01
6.025000000000000000e+03 2.058399326787846206e+00 2.511377900132997776e-01
6.029166666666666970e+03 2.058399326787846206e+00 2.539141255759976290e-01
6.033333333333333940e+03 2.058399326787846206e+00 3.358301053098529110e-01
6.037500000000000000e+03 2.058399326787846206e+00 3.031999175929841472e-01
6.041666666666666970e+03 2.058399326787846206e+00 2.549658118877105029e-01
6.045833333333333940e+03 1.796090817183524146e+00 2.731238489393004176e-01
6.050000000000000000e+03 1.796090817183524146e+00 2.563800226120864223e-01
6.054166666666666970e+03 1.796090817183524146e+00 2.531610816253122564e-01
6.058333333333333940e+03 1.919722108921805503e+00 2.571218518983104384e-01
6.062500000000000000e+03 2.127285610920923720e+00 2.964924683144193329e-01
6.066666666666666970e+03 2.028722832475342130e+00 2.533947620040522541e-01
6.070833333333333940e+03 2.028722832475342130e+00 2.770995720982470933e-01
6.075000000000000000e+03 2.127285610920923720e+00 2.478266395631763541e-01
6.079166666666666970e+03 2.179022596302815806e+00 2.894017267260407533e-01
6.083333333333333940e+03 2.179022596302815806e+00 2.607821522353318544e-01
6.087500000000000000e+03 2.041977735152822770e+00 2.836329863986888355e-01
6.091666666666666970e+03 2.028722832475342130e+00 2.605036962703349279e-01
6.095833333333333940e+03 2.041977735152822770e+00 2.706969955498549907e-01
6.100000000000000000e+03 2.041977735152822770e+00 2.401494956308498352e-01
6.104166666666666970e+03 2.041977735152822770e+00 2.346973411276635779e-01
6.108333333333333940e+03 2.041977735152822770e+00 2.607569815439851890e-01
6.112500000000000000e+03 2.098169849831489575e+00 2.252076582036101338e-01
6.116666666666666970e+03 2.136774047771147877e+00 2.621096362212063657e-01
6.120833333333333940e+03 2.195548027423593229e+00 2.256893903459183948e-01
6.125000000000000000e+03 2.136774047771147877e+00 2.271386572806848025e-01
6.129166666666666970e+03 2.136774047771147877e+00 2.200070444707135364e-01
6.133333333333333940e+03 2.133745257650685900e+00 2.378847149107686798e-01
6.137500000000000000e+03 2.136774047771147877e+00 2.164298157222950270e-01
6.141666666666666970e+03 2.136774047771147877e+00 2.404471411328140407e-01
6.145833333333333940e+03 2.167781348933070174e+00 2.122239011913296669e-01
6.150000000000000000e+03 2.167781348933070174e+00 2.083392244934917925e-01
6.154166666666666970e+03 2.167781348933070174e+00 2.073884701619314597e-01
6.158333333333333940e+03 2.214493333920372731e+00 2.224702832159670407e-01
6.162500000000000000e+03 2.214493333920372731e+00 2.084664901672314274e-01
6.166666666666666970e+03 2.214493333920372731e+00 2.276516243403077788e-01
6.170833333333333940e+03 2.112889304616039077e+00 2.042071606047944077e-01
6.175000000000000000e+03 2.112889304616039077e+00 1.998292048138324284e-01
6.179166666666666970e+03 2.112889304616039077e+00 2.039086843869441501e-01
6.183333333333333940e+03 2.230094178259999005e+00 1.999787336733176712e-01
6.187500000000000000e+03 2.084102507017472572e+00 2.041682000297396493e-01
6.191666666666666970e+03 2.084102507017472572e+00 2.166880852912614341e-01
6.195833333333333940e+03 1.986860566830677799e+00 2.042763592381006410e-01
6.200000000000000000e+03 2.130191455090253427e+00 2.232622046701185636e-01
6.204166666666666970e+03 1.879517952185655094e+00 2.018662863095530002e-01
6.208333333333333940e+03 1.879517952185655094e+00 2.023721092125561061e-01
6.212500000000000000e+03 1.879517952185655094e+00 2.083427965718016861e-01
6.216666666666666970e+03 2.101972867157730462e+00 2.103842808617182314e-01
6.220833333333333940e+03 2.101972867157730462e+00 2.261697933428090390e-01
6.225000000000000000e+03 2.101972867157730462e+00 2.266602480019206389e-01
6.229166666666666970e+03 1.987963757527324571e+00 2.268019681320771752e-01
6.233333333333333940e+03 2.101972867157730462e+00 2.364451673518688513e-01
6.237500000000000000e+03 2.101972867157730462e+00 2.309633562915514027e-01
6.241666666666666970e+03 1.987963757527324571e+00 2.175723823519394584e-01
6.245833333333333940e+03 1.886158694978571804e+00 2.282572992928115774e-01
6.250000000000000000e+03 1.886158694978571804e+00 2.235134131540537916e-01
6.254166666666666970e+03 1.886158694978571804e+00 2.189517030091021887e-01
6.258333333333333940e+03 1.764982168683506325e+00 2.223091243340773737e-01
6.262500000000000000e+03 1.560740699512618956e+00 2.259868697047054398e-01
6.266666666666666970e+03 1.552005721971023267e+00 2.283916260515824748e-01
6.270833333333333940e+03 1.552005721971023267e+00 2.657763330705502636e-01
6.275000000000000000e+03 1.552005721971023267e+00 2.459409145018902898e-01
6.279166666666666970e+03 1.552005721971023267e+00 2.311552516612241093e-01
6.283333333333333940e+03 1.552005721971023267e+00 2.424679405971684465e-01
6.287500000000000000e+03 1.552005721971023267e+00 2.338117149215679647e-01
6.291666666666666970e+03 1.561429362982137192e+00 2.352953734940159414e-01
6.295833333333333940e+03 1.863020765405003276e+00 2.436493016586903926e-01
6.300000000000000000e+03 1.855561767464348089e+00 2.457780941882286019e-01
6.304166666666666970e+03 1.863020765405003276e+00 2.424365395366765152e-01
6.308333333333333940e+03 1.880580437803886173e+00 2.682399041021581443e-01
6.312500000000000000e+03 1.880580437803886173e+00 2.454151544176224609e-01
6.316666666666666970e+03 1.880580437803886173e+00 2.384868177849625848e-01
6.320833333333333940e+03 1.855561767464348089e+00 2.502698580555765551e-01
6.325000000000000000e+03 1.351108714957288903e+00 2.331833614253755460e-01
6.329166666666666970e+03 9.681619829520486942e-01 2.197517654789367947e-01
6.333333333333333940e+03 8.724460678478892506e-01 2.263607749250071410e-01
6.337500000000000000e+03 8.724460678478892506e-01 2.093861757246542332e-01
6.341666666666666970e+03 8.724460678478892506e-01 2.122277224844053845e-01
6.345833333333333940e+03 7.894623689857207527e-01 2.143468787096656503e-01
6.350000000000000000e+03 8.724460678478892506e-01 2.840909600666566281e-01
6.354166666666666970e+03 8.984192307404752498e-01 2.476614932450337536e-01
6.358333333333333940e+03 1.107561923638934243e+00 2.573725619527140185e-01
6.362500000000000000e+03 1.163911043620060592e+00 2.350520568109980279e-01
6.366666666666666970e+03 1.163911043620060592e+00 2.340775440050972822e-01
6.370833333333333940e+03 1.163911043620060592e+00 2.281940818138847582e-01
6.375000000000000000e+03 1.169713594083973796e+00 2.292161115684663575e-01
6.379166666666666970e+03 1.517309211559245252e+00 2.328404419076227638e-01
6.383333333333333940e+03 1.668232012301241074e+00 2.254919291798092862e-01
6.387500000000000000e+03 1.693694284923918936e+00 2.239190517212018006e-01
6.391666666666666970e+03 1.787933187182718431e+00 2.189478817160264434e-01
6.395833333333333940e+03 1.795725302193671657e+00 2.150136112797925991e-01
6.400000000000000000e+03 1.875503102308476500e+00 2.172687556955958110e-01
6.404166666666666970e+03 1.875503102308476500e+00 2.176375935489927305e-01
6.408333333333333940e+03 1.870911735606393567e+00 2.193550986433579209e-01
6.412500000000000000e+03 1.875503102308476500e+00 2.106867445158214225e-01
6.416666666666666970e+03 1.897910001902339605e+00 2.210688655162359462e-01
6.420833333333333940e+03 1.897910001902339605e+00 2.027129519405938551e-01
6.425000000000000000e+03 2.182262388258329633e+00 2.202362389836689527e-01
6.429166666666666970e+03 2.269289015194624337e+00 3.081165095644473606e-01
6.433333333333333940e+03 2.269289015194624337e+00 2.211229451204164420e-01
6.437500000000000000e+03 2.269289015194624337e+00 2.377826199283757103e-01
6.441666666666666970e+03 2.258361778429797795e+00 2.059367941510956146e-01
6.445833333333333940e+03 2.258361778429797795e+00 2.123406167733167538e-01
6.450000000000000000e+03 2.258361778429797795e+00 2.027676130458945514e-01
6.454166666666666970e+03 2.243226965702233233e+00 1.995934476453773698e-01
6.458333333333333940e+03 2.024031779866935832e+00 2.561431855129795432e-01
6.462500000000000000e+03 1.979217980679209843e+00 2.003156720366910948e-01
6.466666666666666970e+03 1.979217980679209843e+00 2.181543819016914521e-01
6.470833333333333940e+03 1.996922197642262420e+00 1.915513702243182292e-01
6.475000000000000000e+03 1.764598377944161189e+00 2.025730593853865558e-01
6.479166666666666970e+03 1.874019443736028467e+00 2.257423069478584621e-01
6.483333333333333940e+03 1.874019443736028467e+00 2.186571311559162567e-01
6.487500000000000000e+03 1.874019443736028467e+00 2.017234862487445601e-01
6.491666666666666970e+03 1.996922197642262420e+00 2.128217674145047866e-01
6.495833333333333940e+03 1.996922197642262420e+00 2.347659582598495831e-01
6.500000000000000000e+03 2.023878097428020606e+00 1.983026813016653400e-01
6.504166666666666970e+03 2.023878097428020606e+00 2.019628154955095678e-01
6.508333333333333940e+03 2.023878097428020606e+00 2.313869383218376263e-01
6.512500000000000000e+03 2.007154125210482754e+00 2.112970714772869907e-01
6.516666666666666970e+03 2.007154125210482754e+00 2.438900431224616527e-01
6.520833333333333940e+03 2.007154125210482754e+00 2.052006137328965807e-01
6.525000000000000000e+03 1.913096319014837343e+00 2.099388510036294120e-01
6.529166666666666970e+03 1.913096319014837343e+00 2.095013129464578794e-01
6.533333333333333940e+03 1.913096319014837343e+00 2.307568403222845510e-01
6.537500000000000000e+03 1.913096319014837343e+00 2.062556229081535519e-01
6.541666666666666970e+03 1.714202168002319615e+00 2.392693521496019882e-01
6.545833333333333940e+03 1.667446985788943348e+00 2.471604884941696334e-01
6.550000000000000000e+03 1.667446985788943348e+00 2.529743366941328842e-01
6.554166666666666970e+03 1.667446985788943348e+00 2.182070492888656676e-01
6.558333333333333940e+03 1.646247116377480779e+00 2.554802742359282841e-01
6.562500000000000000e+03 1.574455818790959416e+00 2.355715865261206465e-01
6.566666666666666970e+03 1.667446985788943348e+00 2.748052178926233546e-01
6.570833333333333940e+03 1.885554764529428828e+00 2.308183132978507135e-01
6.575000000000000000e+03 1.885554764529428828e+00 2.675588832187915100e-01
6.579166666666666970e+03 1.885554764529428828e+00 2.342630428624475625e-01
6.583333333333333940e+03 1.885554764529428828e+00 2.276139929106706372e-01
6.587500000000000000e+03 1.885554764529428828e+00 2.331808692777174730e-01
6.591666666666666970e+03 1.885554764529428828e+00 2.456371217023694542e-01
6.595833333333333940e+03 1.901540230324286540e+00 2.736673032719406651e-01
6.600000000000000000e+03 1.832605764669819726e+00 2.770299581069978756e-01
6.604166666666666970e+03 1.832605764669819726e+00 2.323563837608335902e-01
6.608333333333333940e+03 1.832605764669819726e+00 2.750049219916247401e-01
6.612500000000000000e+03 1.829530454459739941e+00 2.319845553302469499e-01
6.616666666666666970e+03 1.829530454459739941e+00 2.302788464014633996e-01
6.620833333333333940e+03 1.832605764669819726e+00 2.384761015500327652e-01
6.625000000000000000e+03 1.804486862643620348e+00 2.505926742488874814e-01
6.629166666666666970e+03 1.750550141595522913e+00 2.273240730664465026e-01
6.633333333333333940e+03 1.755851770380160604e+00 2.267726438613003603e-01
6.637500000000000000e+03 1.755851770380160604e+00 2.534500876820617865e-01
6.641666666666666970e+03 1.750550141595522913e+00 2.343159594643876298e-01
6.645833333333333940e+03 1.598370467717965537e+00 2.365132029829346283e-01
6.650000000000000000e+03 1.453996200305537556e+00 2.634531530236812746e-01
6.654166666666666970e+03 1.504828536087544189e+00 2.707381990578020536e-01
6.658333333333333940e+03 1.598370467717965537e+00 2.670587922554019666e-01
6.662500000000000000e+03 1.598370467717965537e+00 3.082151986117076525e-01
6.666666666666666970e+03 1.598370467717965537e+00 2.625838088489517719e-01
6.670833333333333940e+03 1.868133821683512386e+00 2.572016006233692198e-01
6.675000000000000000e+03 1.986156119759325156e+00 2.483996673813592682e-01
6.679166666666666970e+03 1.986156119759325156e+00 2.742817007412478025e-01
6.683333333333333940e+03 1.986156119759325156e+00 2.490926505734847307e-01
6.687500000000000000e+03 1.868133821683512386e+00 2.759467045916159655e-01
6.691666666666666970e+03 1.850129716285603632e+00 2.532405811356052139e-01
6.695833333333333940e+03 1.850129716285603632e+00 2.261611538975943358e-01
6.700000000000000000e+03 1.786682959774244850e+00 2.228893793804687107e-01
6.704166666666666970e+03 1.786682959774244850e+00 2.110875649308304458e-01
6.708333333333333940e+03 1.699853212502938860e+00 2.395900915531977982e-01
6.712500000000000000e+03 1.699853212502938860e+00 2.117951687225500534e-01
6.716666666666666970e+03 1.702350344456342368e+00 2.306306545791967366e-01
6.720833333333333940e+03 1.735167775533922097e+00 2.146613046725276419e-01
6.725000000000000000e+03 1.702350344456342368e+00 2.040271444722918937e-01
6.729166666666666970e+03 1.707245753172711877e+00 2.069591561920316181e-01
6.733333333333333940e+03 1.707245753172711877e+00 2.066865152382368620e-01
6.737500000000000000e+03 1.707245753172711877e+00 2.066664949853835864e-01
6.741666666666666970e+03 1.707245753172711877e+00 1.969221976422622089e-01
6.745833333333333940e+03 1.707245753172711877e+00 2.122557176097645826e-01
6.750000000000000000e+03 1.659107429009097023e+00 2.067372719788732327e-01
6.754166666666666970e+03 1.707245753172711877e+00 2.094403384004233371e-01
6.758333333333333940e+03 1.699376381584357887e+00 1.969180440628320317e-01
6.762500000000000000e+03 1.659107429009097023e+00 1.911366768540124772e-01
6.766666666666666970e+03 1.659107429009097023e+00 1.943675801495454714e-01
6.770833333333333940e+03 1.620651098497152054e+00 1.939676735220110804e-01
6.775000000000000000e+03 1.583395983156404618e+00 1.941182823121481438e-01
6.779166666666666970e+03 1.620651098497152054e+00 1.912886978611558209e-01
6.783333333333333940e+03 1.505916773898242411e+00 2.008404352618956279e-01
6.787500000000000000e+03 1.505916773898242411e+00 1.993273693470822561e-01
6.791666666666666970e+03 1.432180770422527116e+00 1.928907334473629331e-01
6.795833333333333940e+03 1.505916773898242411e+00 1.858045607963574875e-01
6.800000000000000000e+03 1.457554156445399984e+00 1.892605050254157761e-01
6.804166666666666970e+03 1.574582087605636005e+00 1.860199654256048385e-01
6.808333333333333940e+03 1.457554156445399984e+00 1.881063083733669483e-01
6.812500000000000000e+03 1.574582087605636005e+00 1.865545310982645588e-01
6.816666666666666970e+03 1.574582087605636005e+00 1.881299007045301452e-01
6.820833333333333940e+03 1.574582087605636005e+00 1.875480672979553676e-01
6.825000000000000000e+03 1.574582087605636005e+00 1.965357486120814512e-01
6.829166666666666970e+03 1.574582087605636005e+00 1.973749378001480315e-01
6.833333333333333940e+03 1.631044184947262110e+00 1.891028351502474503e-01
6.837500000000000000e+03 1.631044184947262110e+00 1.953130178994351984e-01
6.841666666666666970e+03 1.631044184947262110e+00 1.930529722599044207e-01
6.845833333333333940e+03 1.625748371173826534e+00 1.944451690133006116e-01
6.850000000000000000e+03 1.625748371173826534e+00 1.940670271419801529e-01
6.854166666666666970e+03 1.507590666408590963e+00 1.994103578640965824e-01
6.858333333333333940e+03 1.611077097910666556e+00 1.904247533396855596e-01
6.862500000000000000e+03 1.507590666408590963e+00 1.945309819643274152e-01
6.866666666666666970e+03 1.507590666408590963e+00 2.013909506795671656e-01
6.870833333333333940e+03 1.507590666408590963e+00 2.027657023993567065e-01
6.875000000000000000e+03 1.520536542776468547e+00 2.035068671128718865e-01
6.879166666666666970e+03 1.524795623124139743e+00 2.078040773197118163e-01
6.883333333333333940e+03 1.524795623124139743e+00 2.026589554080019673e-01
6.887500000000000000e+03 1.524795623124139743e+00 2.037488546504721554e-01
6.891666666666666970e+03 1.573317738027099733e+00 2.060215271714705698e-01
6.895833333333333940e+03 1.524795623124139743e+00 2.052204678425726958e-01
6.900000000000000000e+03 1.520536542776468547e+00 3.005388023236785222e-01
6.904166666666666970e+03 1.302468638398512679e+00 2.415262410687658567e-01
6.908333333333333940e+03 1.276189772059868277e+00 2.487576228566491798e-01
6.912500000000000000e+03 1.206524276425695374e+00 2.312010241065443061e-01
6.916666666666666970e+03 1.206524276425695374e+00 2.501539731894755203e-01
6.920833333333333940e+03 1.184253614237141372e+00 2.192577387415153012e-01
6.925000000000000000e+03 1.184253614237141372e+00 2.373739077124493724e-01
6.929166666666666970e+03 1.175313449871695948e+00 2.166438081345361255e-01
6.933333333333333940e+03 1.184253614237141372e+00 2.205872164455162654e-01
6.937500000000000000e+03 1.123358816927663817e+00 2.190683355195006676e-01
6.941666666666666970e+03 1.543676133781809234e+00 2.147167964937144180e-01
6.945833333333333940e+03 1.543676133781809234e+00 2.205576429599736266e-01
6.950000000000000000e+03 1.601077770790534149e+00 2.243717918790876509e-01
6.954166666666666970e+03 1.543676133781809234e+00 2.975468129169674403e-01
6.958333333333333940e+03 1.543676133781809234e+00 2.425879790426996307e-01
6.962500000000000000e+03 1.468313588601248831e+00 2.493818227734114767e-01
6.966666666666666970e+03 1.468313588601248831e+00 2.325552571439489513e-01
6.970833333333333940e+03 1.456464257202929824e+00 2.596852749794190118e-01
6.975000000000000000e+03 1.418905099847896034e+00 2.203132463463038648e-01
6.979166666666666970e+03 1.418905099847896034e+00 2.874623374185171776e-01
6.983333333333333940e+03 1.456464257202929824e+00 3.184449663186244006e-01
6.987500000000000000e+03 1.456464257202929824e+00 2.856051059121219038e-01
6.991666666666666970e+03 1.654181283804944780e+00 2.749229303336736541e-01
6.995833333333333940e+03 1.654181283804944780e+00 2.648504171439821642e-01
7.000000000000000000e+03 1.654181283804944780e+00 3.153656686722917102e-01
7.004166666666666970e+03 1.654181283804944780e+00 2.556018910416429923e-01
7.008333333333333940e+03 1.507965319273190330e+00 2.476426359944209343e-01
7.012500000000000000e+03 1.419121085978263475e+00 2.740785076355251038e-01
7.016666666666666970e+03 1.419121085978263475e+00 2.405355293030875252e-01
7.020833333333333940e+03 1.419121085978263475e+00 2.476953033815951777e-01
7.025000000000000000e+03 1.362027644563255313e+00 2.895110489366421458e-01
7.029166666666666970e+03 1.507965319273190330e+00 2.419170928931425324e-01
7.033333333333333940e+03 1.650792793705831984e+00 2.264341271377434961e-01
7.037500000000000000e+03 1.684759935569675848e+00 2.273099508963839777e-01
7.041666666666666970e+03 1.694529985105264203e+00 2.426060055774264812e-01
7.045833333333333940e+03 1.684759935569675848e+00 2.310194296138583514e-01
7.050000000000000000e+03 1.684759935569675848e+00 2.194403300932644685e-01
7.054166666666666970e+03 1.684759935569675848e+00 2.590007650893310642e-01
7.058333333333333940e+03 1.684759935569675848e+00 2.092956276930770798e-01
7.062500000000000000e+03 1.675303065923120727e+00 2.182260726826557584e-01
7.066666666666666970e+03 1.675303065923120727e+00 2.043171473881046363e-01
7.070833333333333940e+03 1.624354429917069575e+00 2.041057301951102465e-01
7.075000000000000000e+03 1.593782423879426702e+00 2.005419590440453981e-01
7.079166666666666970e+03 1.593782423879426702e+00 2.398412169655443904e-01
7.083333333333333940e+03 1.563413112517974879e+00 2.030814575076363704e-01
7.087500000000000000e+03 1.563413112517974879e+00 2.399684826392840808e-01
7.091666666666666970e+03 1.517019291715021367e+00 1.961237135326110159e-01
7.095833333333333940e+03 1.449717182776601554e+00 1.905540958031402554e-01
7.100000000000000000e+03 1.418881009087201051e+00 2.002516238418781958e-01
7.104166666666666970e+03 1.449717182776601554e+00 1.875836219378774206e-01
7.108333333333333940e+03 1.449717182776601554e+00 1.876709301774990568e-01
7.112500000000000000e+03 1.449717182776601554e+00 1.849799922078850245e-01
7.116666666666666970e+03 1.449717182776601554e+00 2.086857160895544960e-01
7.120833333333333940e+03 1.449717182776601554e+00 1.877483528980769811e-01
7.125000000000000000e+03 1.534181051204496660e+00 2.212595148120796162e-01
7.129166666666666970e+03 1.627197139679061211e+00 1.874281119240127635e-01
7.133333333333333940e+03 1.564815360933591748e+00 1.825169196058087362e-01
7.137500000000000000e+03 1.534181051204496660e+00 1.863191892877525402e-01
7.141666666666666970e+03 1.564815360933591748e+00 1.884153346829697262e-01
7.145833333333333940e+03 1.610515533971710767e+00 1.936694465189266467e-01
7.150000000000000000e+03 1.610515533971710767e+00 1.862317149049536602e-01
7.154166666666666970e+03 1.610515533971710767e+00 1.869412293432111127e-01
7.158333333333333940e+03 1.564815360933591748e+00 2.024899877967836492e-01
7.162500000000000000e+03 1.610515533971710767e+00 2.024805176356829217e-01
7.166666666666666970e+03 1.610515533971710767e+00 1.933882491915057678e-01
7.170833333333333940e+03 1.531649029183880018e+00 1.894737497933594306e-01
7.175000000000000000e+03 1.513615848729960245e+00 2.046410435120674109e-01
7.179166666666666970e+03 1.529879604346637834e+00 2.380055010005972804e-01
7.183333333333333940e+03 1.529879604346637834e+00 2.770788042010964292e-01
7.187500000000000000e+03 1.529879604346637834e+00 2.884724879359285565e-01
7.191666666666666970e+03 1.529879604346637834e+00 3.049712530767639818e-01
7.195833333333333940e+03 1.529879604346637834e+00 2.835448474431811472e-01
7.200000000000000000e+03 1.513615848729960245e+00 2.431742152434703819e-01
7.204166666666666970e+03 1.529879604346637834e+00 2.157537791342445388e-01
7.208333333333333940e+03 1.558257689729278139e+00 2.583245623581033601e-01
7.212500000000000000e+03 1.558257689729278139e+00 2.618547725873726084e-01
7.216666666666666970e+03 1.686511084657425386e+00 2.631607410317989837e-01
7.220833333333333940e+03 1.686511084657425386e+00 2.599722042464535088e-01
7.225000000000000000e+03 1.686511084657425386e+00 2.604374051426298076e-01
7.229166666666666970e+03 1.686511084657425386e+00 2.461210967775700198e-01
7.233333333333333940e+03 1.558257689729278139e+00 2.371051711233189419e-01
7.237500000000000000e+03 1.552895418684960172e+00 2.214938597635284501e-01
7.241666666666666970e+03 1.548748484981902873e+00 2.093814406441038833e-01
7.245833333333333940e+03 1.483179249381739950e+00 2.115444586681464734e-01
7.250000000000000000e+03 1.464356888836092496e+00 2.291651056130641628e-01
7.254166666666666970e+03 1.460464154194160091e+00 2.144893464841196584e-01
7.258333333333333940e+03 1.464356888836092496e+00 2.111759531011039304e-01
7.262500000000000000e+03 1.460464154194160091e+00 2.062199851966429187e-01
7.266666666666666970e+03 1.460464154194160091e+00 2.080289521100599226e-01
7.270833333333333940e+03 1.460464154194160091e+00 2.137913789966779943e-01
7.275000000000000000e+03 1.460464154194160091e+00 2.047189646621769277e-01
7.279166666666666970e+03 1.375869863372158219e+00 2.121787933187182784e-01
7.283333333333333940e+03 1.375869863372158219e+00 2.163356956124079244e-01
7.287500000000000000e+03 1.375869863372158219e+00 2.158044528032922738e-01
7.291666666666666970e+03 1.392762470914560069e+00 2.177122749071467578e-01
7.295833333333333940e+03 1.375869863372158219e+00 2.187180226303621633e-01
7.300000000000000000e+03 1.375869863372158219e+00 3.495607589752621758e-01
7.304166666666666970e+03 1.375869863372158219e+00 2.759657279854059730e-01
7.308333333333333940e+03 1.278191797345198166e+00 2.639767532466453792e-01
7.312500000000000000e+03 1.171598488429373752e+00 2.576191184276874768e-01
7.316666666666666970e+03 1.171598488429373752e+00 2.595020190549610084e-01
7.320833333333333940e+03 1.171598488429373752e+00 2.215755191351251041e-01
7.325000000000000000e+03 1.171598488429373752e+00 2.606438380403079957e-01
7.329166666666666970e+03 1.060092325763573484e+00 2.224711139318530650e-01
7.333333333333333940e+03 1.129048390031077265e+00 2.255124478621942374e-01
7.337500000000000000e+03 1.107386642586982273e+00 2.205726789175107561e-01
7.341666666666666970e+03 1.107386642586982273e+00 2.387884507231797515e-01
7.345833333333333940e+03 1.107386642586982273e+00 2.235437342838938468e-01
7.350000000000000000e+03 1.107386642586982273e+00 2.979384123856415600e-01
7.354166666666666970e+03 1.107386642586982273e+00 3.987265956183060345e-01
7.358333333333333940e+03 1.107386642586982273e+00 3.389946344060921213e-01
7.362500000000000000e+03 1.053920106730377171e+00 4.206542552175188132e-01
7.366666666666666970e+03 1.053920106730377171e+00 2.793486522880823109e-01
7.370833333333333940e+03 1.238470286538830623e+00 2.802788879372576925e-01
7.375000000000000000e+03 1.146249193167195868e+00 3.094154169238424457e-01
7.379166666666666970e+03 1.146249193167195868e+00 2.676482682481282072e-01
7.383333333333333940e+03 1.146249193167195868e+00 2.692460671833166175e-01
7.387500000000000000e+03 1.146249193167195868e+00 2.889927652953486192e-01
7.391666666666666970e+03 1.154782306748486809e+00 2.787821040538104866e-01
7.395833333333333940e+03 1.154782306748486809e+00 2.436293644774257250e-01
7.400000000000000000e+03 1.154782306748486809e+00 2.384507647155088839e-01
7.404166666666666970e+03 1.384615640220272725e+00 3.013772438674476861e-01
7.408333333333333940e+03 1.384615640220272725e+00 2.490592557948663466e-01
7.412500000000000000e+03 1.384615640220272725e+00 2.463815262078401513e-01
7.416666666666666970e+03 1.384615640220272725e+00 2.371597491570310579e-01
7.420833333333333940e+03 1.384615640220272725e+00 2.789185906738850251e-01
7.425000000000000000e+03 1.309337828060087361e+00 2.385645727918948855e-01
7.429166666666666970e+03 1.185928337463376003e+00 2.224109701017045748e-01
7.433333333333333940e+03 1.090272233903010646e+00 2.904780852995686447e-01
7.437500000000000000e+03 1.069087317377496404e+00 2.308387489086470290e-01
7.441666666666666970e+03 1.090272233903010646e+00 2.304300366927206911e-01
7.445833333333333940e+03 1.069087317377496404e+00 2.252818411322325409e-01
7.450000000000000000e+03 1.090272233903010646e+00 2.179812607110429568e-01
7.454166666666666970e+03 1.090272233903010646e+00 2.522983831776710040e-01
7.458333333333333940e+03 1.211128934581954697e+00 2.053310361270031803e-01
7.462500000000000000e+03 1.352751870979854276e+00 2.180101696238767872e-01
7.466666666666666970e+03 1.352751870979854276e+00 2.560233132106255471e-01
7.470833333333333940e+03 1.356226755531114270e+00 2.098129975468960018e-01
7.475000000000000000e+03 1.429506695985399256e+00 2.275700480402996773e-01
7.479166666666666970e+03 1.429506695985399256e+00 2.078154581273504165e-01
7.483333333333333940e+03 1.356226755531114270e+00 2.283205998433269768e-01
7.487500000000000000e+03 1.326665730726768411e+00 2.201285782048396089e-01
7.491666666666666970e+03 1.178721046436187470e+00 2.403872465174313189e-01
7.495833333333333940e+03 1.326665730726768411e+00 2.058061225422232465e-01
7.500000000000000000e+03 1.272400046187803335e+00 2.534495892525301941e-01
7.504166666666666970e+03 1.272400046187803335e+00 1.985508992084108471e-01
7.508333333333333940e+03 1.272400046187803335e+00 1.994325379782535268e-01
7.512500000000000000e+03 1.326665730726768411e+00 1.965826840596421043e-01
7.516666666666666970e+03 1.351363744734299877e+00 2.094400061140689606e-01
7.520833333333333940e+03 1.388884689158576213e+00 1.970697327836209711e-01
7.525000000000000000e+03 1.388884689158576213e+00 2.126353547696798740e-01
7.529166666666666970e+03 1.388884689158576213e+00 2.079826812352080778e-01
7.533333333333333940e+03 1.388884689158576213e+00 2.273685994379376629e-01
7.537500000000000000e+03 1.440322616821498425e+00 2.079613318369371577e-01
7.541666666666666970e+03 1.440322616821498425e+00 2.525058129344124880e-01
7.545833333333333940e+03 1.440322616821498425e+00 2.085869439707056516e-01
7.550000000000000000e+03 1.411403735397053216e+00 2.041020750452117449e-01
7.554166666666666970e+03 1.411403735397053216e+00 2.139310223371194419e-01
7.558333333333333940e+03 1.411403735397053216e+00 2.180193905702116908e-01
7.562500000000000000e+03 1.411403735397053216e+00 2.041598097992907423e-01
7.566666666666666970e+03 1.411403735397053216e+00 2.034188112289527783e-01
7.570833333333333940e+03 1.411403735397053216e+00 2.103949140250593874e-01
7.575000000000000000e+03 1.392195922680288245e+00 2.186656875295423241e-01
7.579166666666666970e+03 1.392195922680288245e+00 2.282315471003446561e-01
7.583333333333333940e+03 1.418222251389580135e+00 2.188663884876070054e-01
7.587500000000000000e+03 1.437835453458727208e+00 2.320206914712892310e-01
7.591666666666666970e+03 1.418222251389580135e+00 2.130561954375422007e-01
7.595833333333333940e+03 1.392061346706751523e+00 2.151524239043480780e-01
7.600000000000000000e+03 1.392061346706751523e+00 2.162444830081219072e-01
7.604166666666666970e+03 1.316448756044496626e+00 2.166201327317842928e-01
7.608333333333333940e+03 1.316448756044496626e+00 2.179219475967805186e-01
7.612500000000000000e+03 1.316448756044496626e+00 2.272098496321174887e-01
7.616666666666666970e+03 1.203590187916240728e+00 2.270085671729326349e-01
7.620833333333333940e+03 1.316448756044496626e+00 2.324138693001467915e-01
7.625000000000000000e+03 1.398926382788896028e+00 2.562013356250015805e-01
7.629166666666666970e+03 1.442543951100740074e+00 2.527640825033789507e-01
7.633333333333333940e+03 1.442543951100740074e+00 2.847135816232354566e-01
7.637500000000000000e+03 1.466669601862797379e+00 2.457058219061440951e-01
7.641666666666666970e+03 1.398926382788896028e+00 2.519522238679626769e-01
7.645833333333333940e+03 1.398926382788896028e+00 2.469778140708318304e-01
7.650000000000000000e+03 1.364642738172475056e+00 2.615598684478322999e-01
7.654166666666666970e+03 1.283539946219453665e+00 2.545429775017216678e-01
7.658333333333333940e+03 1.283539946219453665e+00 2.592675079603349864e-01
7.662500000000000000e+03 1.364642738172475056e+00 2.627696399926565118e-01
7.666666666666666970e+03 1.283539946219453665e+00 2.599790991883075275e-01
7.670833333333333940e+03 1.364642738172475056e+00 2.566002453934727590e-01
7.675000000000000000e+03 1.283539946219453665e+00 2.619378441759755427e-01
7.679166666666666970e+03 1.438908738383476882e+00 2.794072177580473881e-01
7.683333333333333940e+03 1.438908738383476882e+00 2.664535326608411525e-01
7.687500000000000000e+03 1.438908738383476882e+00 2.983829284562557471e-01
7.691666666666666970e+03 1.414492337061309390e+00 2.682137365517482386e-01
7.695833333333333940e+03 1.434638858729287314e+00 2.713959598963598951e-01
7.700000000000000000e+03 1.414492337061309390e+00 2.873197865724745892e-01
7.704166666666666970e+03 1.414492337061309390e+00 2.759432986564832047e-01
7.708333333333333940e+03 1.284308358414030460e+00 2.956024393141277740e-01
7.712500000000000000e+03 1.208542085312860115e+00 2.801306882231901496e-01
7.716666666666666970e+03 1.168802298756999924e+00 2.823055854844029322e-01
7.720833333333333940e+03 1.072567186224072433e+00 2.888669949102037893e-01
7.725000000000000000e+03 1.072567186224072433e+00 2.787969738681703724e-01
7.729166666666666970e+03 1.111981332152609303e+00 2.763012541317731441e-01
7.733333333333333940e+03 1.043754636433039007e+00 2.778060959593148804e-01
7.737500000000000000e+03 1.111981332152609303e+00 3.034181466562439478e-01
7.741666666666666970e+03 1.111981332152609303e+00 2.896466217692421075e-01
7.745833333333333940e+03 1.263824566096324986e+00 3.092272597756569041e-01
7.750000000000000000e+03 1.263824566096324986e+00 4.055436993938266177e-01
7.754166666666666970e+03 1.211308369213337066e+00 5.369081253151528621e-01
7.758333333333333940e+03 1.211308369213337066e+00 6.668192137938712127e-01
7.762500000000000000e+03 1.211308369213337066e+00 5.200974263591134905e-01
7.766666666666666970e+03 1.162224690371421509e+00 4.661871220761916179e-01
7.770833333333333940e+03 9.712248324238378361e-01 5.016345996489394166e-01
7.775000000000000000e+03 9.461887170506928513e-01 4.151361418729819230e-01
7.779166666666666970e+03 9.712248324238378361e-01 3.823261872383764692e-01
7.783333333333333940e+03 9.402274998525480543e-01 4.119465251569845443e-01
7.787500000000000000e+03 6.688134303498726174e-01 3.410712579779877074e-01
7.791666666666666970e+03 7.513871709222856854e-01 4.311314101152950995e-01
7.795833333333333940e+03 7.513871709222856854e-01 3.460972552316409767e-01
7.800000000000000000e+03 7.513871709222856854e-01 3.627214584712667444e-01
7.804166666666666970e+03 7.513871709222856854e-01 3.501003920148266224e-01
7.808333333333333940e+03 7.513871709222856854e-01 3.664202209538113819e-01
7.812500000000000000e+03 9.331340169017454667e-01 7.309690882311650206e-01
7.816666666666666970e+03 1.066033605780453586e+00 3.524997487084444714e-01
7.820833333333333940e+03 1.066033605780453586e+00 4.418892639109606169e-01
7.825000000000000000e+03 1.066033605780453586e+00 3.415885447602179936e-01
7.829166666666666970e+03 1.002245425039936633e+00 3.603159544800923486e-01
7.833333333333333940e+03 1.066033605780453586e+00 3.895343089814509163e-01
7.837500000000000000e+03 1.066033605780453586e+00 3.489934630966928797e-01
7.841666666666666970e+03 1.169042375648062126e+00 3.141975159933576012e-01
7.845833333333333940e+03 1.002245425039936633e+00 3.268695053336113654e-01
7.850000000000000000e+03 1.169042375648062126e+00 4.441343566645428176e-01
7.854166666666666970e+03 1.391587007935829012e+00 3.303412331645041999e-01
7.858333333333333940e+03 1.391587007935829012e+00 2.971738214841403991e-01
7.862500000000000000e+03 1.391587007935829012e+00 3.284102340874295312e-01
7.866666666666666970e+03 1.169042375648062126e+00 5.016406638749074665e-01
7.870833333333333940e+03 1.116867602994232378e+00 3.130707329655477156e-01
7.875000000000000000e+03 1.151346465843870348e+00 3.424007356819886438e-01
7.879166666666666970e+03 1.116867602994232378e+00 3.039784645213706171e-01
7.883333333333333940e+03 1.116867602994232378e+00 3.785541556146840847e-01
7.887500000000000000e+03 9.877942914865743829e-01 2.847041945337233648e-01
7.891666666666666970e+03 9.877942914865743829e-01 2.825258913373778213e-01
7.895833333333333940e+03 1.079571782575069694e+00 3.949029765380911994e-01
7.900000000000000000e+03 1.079571782575069694e+00 3.145443398757747921e-01
7.904166666666666970e+03 9.276446463268651632e-01 2.899226686581695689e-01
7.908333333333333940e+03 9.352390509569431520e-01 3.011800319161043737e-01
7.912500000000000000e+03 9.352390509569431520e-01 2.675988406529095087e-01
7.916666666666666970e+03 1.079571782575069694e+00 2.991907165838304516e-01
7.920833333333333940e+03 1.187669517960492804e+00 3.337965958924422050e-01
7.925000000000000000e+03 1.222338614748031516e+00 2.825349461405355367e-01
7.929166666666666970e+03 1.222338614748031516e+00 2.832342427733948176e-01
7.933333333333333940e+03 1.222338614748031516e+00 4.088484533316276148e-01
7.937500000000000000e+03 1.222338614748031516e+00 2.841483625343812491e-01
7.941666666666666970e+03 9.314293879036138479e-01 3.006212924111612006e-01
7.945833333333333940e+03 9.314293879036138479e-01 3.202085761446641921e-01
7.950000000000000000e+03 8.906661593761656670e-01 2.809447897914986170e-01
7.954166666666666970e+03 8.906661593761656670e-01 2.684004814829275554e-01
7.958333333333333940e+03 9.314293879036138479e-01 3.180031916104341660e-01
7.962500000000000000e+03 1.056862502398692172e+00 3.158777219444400819e-01
7.966666666666666970e+03 1.056862502398692172e+00 3.116226290330218474e-01
7.970833333333333940e+03 1.056862502398692172e+00 3.465574718325011294e-01
7.975000000000000000e+03 9.945862245707484117e-01 3.609590116474674093e-01
7.979166666666666970e+03 9.945862245707484117e-01 2.991715270468631727e-01
7.983333333333333940e+03 9.945862245707484117e-01 2.862581316701293677e-01
7.987500000000000000e+03 9.859476100719316571e-01 2.933769514554557811e-01
7.991666666666666970e+03 9.859476100719316571e-01 2.925365992651487446e-01
7.995833333333333940e+03 9.779669225548501821e-01 2.992890733447363116e-01
8.000000000000000000e+03 9.779669225548501821e-01 2.929748849666177213e-01
8.004166666666666970e+03 8.341151754347344571e-01 3.251608888992266744e-01
8.008333333333333940e+03 8.899467594188643638e-01 3.423245590352398393e-01
8.012500000000000000e+03 8.899467594188643638e-01 3.227904411184426836e-01
8.016666666666666970e+03 1.080846100744238480e+00 4.098129975468959851e-01
8.020833333333333940e+03 1.080846100744238480e+00 3.373796396520629681e-01
8.025000000000000000e+03 1.080846100744238480e+00 3.492920223861317175e-01
8.029166666666666970e+03 1.080846100744238480e+00 3.212639176062755397e-01
8.033333333333333940e+03 1.169721901242834150e+00 3.254144233876428149e-01
8.037500000000000000e+03 1.169721901242834150e+00 3.171483849637101726e-01
8.041666666666666970e+03 1.155946970420699493e+00 3.398793468247131577e-01
8.045833333333333940e+03 1.155946970420699493e+00 3.653039880177540999e-01
8.050000000000000000e+03 1.154229880684277454e+00 3.724517997875029240e-01
8.054166666666666970e+03 1.154229880684277454e+00 3.517789365341370544e-01
8.058333333333333940e+03 1.154229880684277454e+00 4.598654572550987529e-01
8.062500000000000000e+03 1.098695692987345707e+00 3.848809708742703672e-01
8.066666666666666970e+03 1.005076504779524038e+00 5.254477350946725744e-01
8.070833333333333940e+03 1.005076504779524038e+00 4.154484910461288538e-01
8.075000000000000000e+03 1.005076504779524038e+00 4.237577266961349287e-01
8.079166666666666970e+03 9.115445417397350925e-01 3.934330247777627632e-01
8.083333333333333940e+03 9.115445417397350925e-01 5.212674896845854722e-01
8.087500000000000000e+03 9.115445417397350925e-01 4.043093386587760518e-01
8.091666666666666970e+03 9.115445417397350925e-01 4.652999175099125639e-01
8.095833333333333940e+03 9.115445417397350925e-01 4.176594413767952818e-01
8.100000000000000000e+03 9.115445417397350925e-01 5.930337827229371639e-01
8.104166666666666970e+03 9.115445417397350925e-01 4.513260302330739382e-01
8.108333333333333940e+03 8.247608992001037587e-01 4.337502419460018133e-01
8.112500000000000000e+03 1.315289076667599755e+00 5.012244752160068817e-01
8.116666666666666970e+03 8.247608992001037587e-01 4.897216354137505223e-01
8.120833333333333940e+03 1.022244079280201223e+00 5.005723632454740502e-01
8.125000000000000000e+03 1.022244079280201223e+00 4.347847324388738888e-01
8.129166666666666970e+03 1.022244079280201223e+00 4.333674480657195849e-01
8.133333333333333940e+03 8.247608992001037587e-01 4.367994676772603002e-01
8.137500000000000000e+03 9.980004668623280173e-01 4.391994889435869576e-01
8.141666666666666970e+03 9.688523078533388677e-01 4.442711755709717880e-01
8.145833333333333940e+03 9.980004668623280173e-01 4.452148688175009417e-01
8.150000000000000000e+03 9.688523078533388677e-01 4.557442757445083759e-01
8.154166666666666970e+03 9.688523078533388677e-01 4.651652584647872346e-01
8.158333333333333940e+03 9.688523078533388677e-01 8.135088525238394208e-01
8.162500000000000000e+03 9.688523078533388677e-01 5.373240647592876229e-01
8.166666666666666970e+03 9.229361486848520757e-01 5.996753562317398423e-01
8.170833333333333940e+03 6.594643045537352810e-01 4.965021876902859232e-01
8.175000000000000000e+03 5.690812531515284656e-01 5.702018058101930853e-01
8.179166666666666970e+03 5.563639897954860691e-01 5.296675225809345244e-01
8.183333333333333940e+03 5.690812531515284656e-01 5.109269044784724434e-01
8.187500000000000000e+03 5.563639897954860691e-01 5.014726100511638363e-01
8.191666666666666970e+03 5.563639897954860691e-01 5.155112931671126386e-01
8.195833333333333940e+03 5.563639897954860691e-01 4.999587134204643846e-01
8.200000000000000000e+03 3.700670636934791369e-01 4.877059863878894785e-01
8.204166666666667879e+03 3.700670636934791369e-01 5.107689023169497133e-01
8.208333333333333940e+03 4.587649248492874365e-01 6.115440433102034001e-01
8.212500000000000000e+03 4.587649248492874365e-01 4.999494094025408453e-01
8.216666666666667879e+03 4.587649248492874365e-01 5.022899514114278485e-01
8.220833333333333940e+03 4.587649248492874365e-01 6.233767603908020316e-01
8.225000000000000000e+03 2.777283409523825242e-01 8.330252761922641858e-01
8.229166666666667879e+03 2.777283409523825242e-01 7.217751401625379648e-01
8.233333333333333940e+03 2.777283409523825242e-01 5.930161715461533811e-01
8.237500000000000000e+03 2.687198086695171129e-01 6.446534710217224351e-01
8.241666666666667879e+03 2.687198086695171129e-01 5.957339416388861553e-01
8.245833333333333940e+03 6.717397101299987794e-02 8.070197984517119005e-01
8.250000000000000000e+03 2.777283409523825242e-01 5.979925750614106805e-01
8.254166666666667879e+03 6.717397101299987794e-02 5.757176762218377819e-01
8.258333333333333940e+03 3.324833171482188265e-01 6.132648712681126879e-01
8.262500000000000000e+03 3.324833171482188265e-01 9.537914288396313056e-01
8.266666666666667879e+03 4.801666582210551426e-01 5.888638381898368968e-01
8.270833333333333940e+03 4.801666582210551426e-01 5.667221031067943837e-01
8.275000000000000000e+03 5.328252398069084350e-01 5.617414629405182991e-01
8.279166666666667879e+03 8.289383201761783004e-01 5.751837751218867867e-01
8.283333333333333940e+03 8.341459119225175245e-01 7.629695102348350577e-01
8.287500000000000000e+03 8.374255782405602977e-01 1.182775770675895455e+00
8.291666666666667879e+03 8.341459119225175245e-01 7.887022639500042009e-01
8.295833333333333940e+03 8.341459119225175245e-01 8.456887091588918270e-01
8.300000000000000000e+03 8.341459119225175245e-01 9.385054258208096467e-01
